1.797121293760481421e+03
3.951649180520703908e+02
3.494989003764661106e+02
3.099089729276236653e+02
2.705301812017222005e+02
2.435067880626751560e+02
2.366442172679580551e+02
2.211389376144774417e+02
1.941320394537851257e+02
1.718941694350229739e+02
1.447506928535532040e+02
1.377165742839465281e+02
1.280986823048491772e+02
1.169183859759883859e+02
1.081773670462304722e+02
8.949647415989016963e+01
6.433767337406592901e+01
5.087513184003959310e+01
3.846562972418156789e+01
2.656945133472388321e+01
1.815371337812195307e+01
9.704985464810489404e+00
4.043249094320393588e+00
7.521710129773578890e-01
