5.727293321346902288e+06 1.985371646519453963e+06
5.727274111198055558e+06 1.985385218345171772e+06
5.727245411208175123e+06 1.985404268838804681e+06
5.727209338627655059e+06 1.985437176788509125e+06
5.727198046263485216e+06 1.985450004353919765e+06
5.727149887175638229e+06 1.985476638878829544e+06
5.727139976588518359e+06 1.985489325939859264e+06
5.727103257986329496e+06 1.985540070972004905e+06
5.727103189598013647e+06 1.985540121529733762e+06
5.727055278366544284e+06 1.985571022117240820e+06
5.727009345733164810e+06 1.985593287968068151e+06
5.727006988188672811e+06 1.985594503659113310e+06
5.726958425398962572e+06 1.985611428305260604e+06
5.726909170059678145e+06 1.985611695636331569e+06
5.726859760179679841e+06 1.985608245969151147e+06
5.726810278893404640e+06 1.985603078872182406e+06
5.726797961834804155e+06 1.985602071470115334e+06
5.726760852170552127e+06 1.985599224195449846e+06
5.726740083201725967e+06 1.985604476466962136e+06
5.726712129556712694e+06 1.985612304931421764e+06
5.726663460175169632e+06 1.985626666056228569e+06
5.726614457535295747e+06 1.985633011633238522e+06
5.726565245591495186e+06 1.985634323042529635e+06
5.726515680443738587e+06 1.985627139183352469e+06
5.726489980779712088e+06 1.985614868838055758e+06
5.726465243987797759e+06 1.985598998535446124e+06
5.726418575003406033e+06 1.985568568894750904e+06
5.726414666588231921e+06 1.985567467935608001e+06
5.726367132269566879e+06 1.985570706468653632e+06
5.726365546051109210e+06 1.985570978079504566e+06
5.726365346322876401e+06 1.985570780679202639e+06
5.726315641723479144e+06 1.985555636417936301e+06
5.726281297014980577e+06 1.985574273139414610e+06
5.726267796785538085e+06 1.985589827552620787e+06
5.726255902567939833e+06 1.985624595381541410e+06
5.726271103379729204e+06 1.985669358147692168e+06
5.726272852233113721e+06 1.985673158116681967e+06
5.726271604792065918e+06 1.985681418166237883e+06
5.726265247623044997e+06 1.985722741145003121e+06
5.726229717549966648e+06 1.985773484551282134e+06
5.726226325964738615e+06 1.985777329465286108e+06
5.726190883997066878e+06 1.985824365228547947e+06
5.726179478574671783e+06 1.985835513509077486e+06
5.726131234315979294e+06 1.985860100038934732e+06
5.726082594014870934e+06 1.985875160987284500e+06
5.726069515857452527e+06 1.985878675451650051e+06
5.726033786577399820e+06 1.985886202011669055e+06
5.725985257448339835e+06 1.985903936936211307e+06
5.725937195723248646e+06 1.985932913862584392e+06
5.725936301693520509e+06 1.985933477924077539e+06
5.725889231646956876e+06 1.985964239444543840e+06
5.725861661243817769e+06 1.985985846499909414e+06
5.725841556938752532e+06 1.986002524887696374e+06
5.725793550797534175e+06 1.986032838745923247e+06
5.725789657566112466e+06 1.986038105516474927e+06
5.725776819754376076e+06 1.986087906016583554e+06
5.725774069651693106e+06 1.986137287341595627e+06
5.725750083078991622e+06 1.986172309958704049e+06
5.725737143630342558e+06 1.986188088782544015e+06
5.725703175858813338e+06 1.986229054749281844e+06
5.725695052725425921e+06 1.986239104843333596e+06
5.725655523985111155e+06 1.986267889283076162e+06
5.725623207621484995e+06 1.986291357290387154e+06
5.725607971221460029e+06 1.986309107580972603e+06
5.725567282930896617e+06 1.986342948197960388e+06
5.725560499119200744e+06 1.986352265913978219e+06
5.725511594376133755e+06 1.986360966827800963e+06
5.725464185476852581e+06 1.986347232238559751e+06
5.725461735364864580e+06 1.986346716033894336e+06
5.725412178646292537e+06 1.986339735937606543e+06
5.725362339280628599e+06 1.986325957755313255e+06
5.725322752559229732e+06 1.986353109249995090e+06
5.725314895003128797e+06 1.986369785476702265e+06
5.725290322636192665e+06 1.986403723887104075e+06
5.725267709520670585e+06 1.986419837625245564e+06
5.725242424442354590e+06 1.986405714221111964e+06
5.725216573335332796e+06 1.986357521356477169e+06
5.725215829455257393e+06 1.986356977436124813e+06
5.725166560955763794e+06 1.986356929723464884e+06
5.725116364442107268e+06 1.986334561800220516e+06
5.725091873737447895e+06 1.986313435979647329e+06
5.725095069646216929e+06 1.986264036106185988e+06
5.725062515759087168e+06 1.986224353181713726e+06
5.725025836504724808e+06 1.986266912977282889e+06
5.725015542906551622e+06 1.986279519773917040e+06
5.724997725037870929e+06 1.986317348180290079e+06
5.724979549489681609e+06 1.986367370512963505e+06
5.724990377434228547e+06 1.986416187649359461e+06
5.725022041245372966e+06 1.986435815320382360e+06
5.725071916696051136e+06 1.986450461051243823e+06
5.725120946747443639e+06 1.986444773640437517e+06
5.725170391695218161e+06 1.986449065193083370e+06
5.725174834276395850e+06 1.986457789893099805e+06
5.725221267469890416e+06 1.986487771296814783e+06
5.725260101097482257e+06 1.986503513718859758e+06
5.725271307229037397e+06 1.986506371656327276e+06
5.725320934120327234e+06 1.986515040682738181e+06
5.725369624178168364e+06 1.986501174561265390e+06
5.725419319539912045e+06 1.986511490720425267e+06
5.725469738132725470e+06 1.986539204007538967e+06
5.725477496335382573e+06 1.986543747037776746e+06
5.725505009760600515e+06 1.986591870592421386e+06
5.725515795582531020e+06 1.986640689234720310e+06
5.725524745011369698e+06 1.986677286838714732e+06
5.725527274124909192e+06 1.986689479090582579e+06
5.725528374814907089e+06 1.986738700181769906e+06
5.725547578982978128e+06 1.986787169007368851e+06
5.725562482181032188e+06 1.986835816551862285e+06
5.725565683067750186e+06 1.986884950368754100e+06
5.725563119842641056e+06 1.986934323705153773e+06
5.725565334161102772e+06 1.986983498516204534e+06
5.725564952764158137e+06 1.987032781188366702e+06
5.725569176445967518e+06 1.987081872501194477e+06
5.725569096696577966e+06 1.987131142637420446e+06
5.725567592627908103e+06 1.987180471959149465e+06
5.725560879829537123e+06 1.987230017723871628e+06
5.725558860264390707e+06 1.987279368465851061e+06
5.725551371646197513e+06 1.987317776007688837e+06
5.725549673186492175e+06 1.987329017046737717e+06
5.725546246285862289e+06 1.987378426268775249e+06
5.725551363390645944e+06 1.987427480451581534e+06
5.725538790040612221e+06 1.987477269746027421e+06
5.725528547495451756e+06 1.987526962186161894e+06
5.725511829942790791e+06 1.987551698261433747e+06
5.725503323334174231e+06 1.987577277177067706e+06
5.725491090137086809e+06 1.987627052338719601e+06
5.725486088540684432e+06 1.987676526996139903e+06
5.725482179572993889e+06 1.987725956249845214e+06
5.725471545289469883e+06 1.987767748389727669e+06
5.725469986406645738e+06 1.987775729748801561e+06
5.725451785992605612e+06 1.987825752876541577e+06
5.725442277335703373e+06 1.987875414823115338e+06
5.725434800324351527e+06 1.987924992345689796e+06
5.725429271958895959e+06 1.987935961907885037e+06
5.725416481907435693e+06 1.987975020379210589e+06
5.725406389489551075e+06 1.988024706584842177e+06
5.725385381356576458e+06 1.988065273085180437e+06
5.725381719558279030e+06 1.988074998555686790e+06
5.725376233691991307e+06 1.988124493338254048e+06
5.725375206099934876e+06 1.988173802857833682e+06
5.725372556188870221e+06 1.988223179792194394e+06
5.725360741319287568e+06 1.988272937575360760e+06
5.725346357613788918e+06 1.988311650585965952e+06
5.725344300810618326e+06 1.988322887577299960e+06
5.725331713535745628e+06 1.988372677458903054e+06
5.725301615484451875e+06 1.988420478302449686e+06
5.725300433073419146e+06 1.988423244137712521e+06
5.725292240825083107e+06 1.988472851385389920e+06
5.725287877024958842e+06 1.988522299541417742e+06
5.725282486000567675e+06 1.988571790383744286e+06
5.725274769982779399e+06 1.988621377841632580e+06
5.725261790371458046e+06 1.988647578084831359e+06
5.725251726647014730e+06 1.988671602230801014e+06
5.725242685759752057e+06 1.988721244744940661e+06
5.725228131484140642e+06 1.988771116370266769e+06
5.725218441103171557e+06 1.988789908317625988e+06
5.725206244393250905e+06 1.988821292714638403e+06
5.725192419876269996e+06 1.988871134016253520e+06
5.725174142830045894e+06 1.988909411222697468e+06
5.725169207101568580e+06 1.988921365452522412e+06
5.725152230659141205e+06 1.988971337735927198e+06
5.725129465939120390e+06 1.989019806758648716e+06
5.725128854289839976e+06 1.989021575973250438e+06
5.725113876719457097e+06 1.989071465194365941e+06
5.725095202281852253e+06 1.989121508042194182e+06
5.725084861267036758e+06 1.989131939145450713e+06
5.725065664526822977e+06 1.989172002324662870e+06
5.725047565118406899e+06 1.989222021279403940e+06
5.725040008247178048e+06 1.989238097673024517e+06
5.725030250678983517e+06 1.989272007615122944e+06
5.725016642365324311e+06 1.989321839940362377e+06
5.724996067539991811e+06 1.989366200075014960e+06
5.724992888263758272e+06 1.989372093884192174e+06
5.724972129113696516e+06 1.989422223371366505e+06
5.724950797705808654e+06 1.989462332349755103e+06
5.724945963558832183e+06 1.989472577528728638e+06
5.724933057435183786e+06 1.989522380677547539e+06
5.724916029619784094e+06 1.989572355108591495e+06
5.724906730788849294e+06 1.989587398398385616e+06
5.724884004840618931e+06 1.989622952757436084e+06
5.724863551512294449e+06 1.989673069542538375e+06
5.724861190208945423e+06 1.989677017950819340e+06
5.724839957471495494e+06 1.989723316845316906e+06
5.724825482300641946e+06 1.989773185202705208e+06
5.724816528582249768e+06 1.989787778849090682e+06
5.724797213116121478e+06 1.989823626790307462e+06
5.724784756529785693e+06 1.989873411264558090e+06
5.724772130622352473e+06 1.989904881463559112e+06
5.724769682388102636e+06 1.989923304515726399e+06
5.724766550902655348e+06 1.989972701472236542e+06
5.724775916161350906e+06 1.989995934917572187e+06
5.724790588392163627e+06 1.990020969378945185e+06
5.724786698958589695e+06 1.990070397831431590e+06
5.724779464210123755e+06 1.990081275884890929e+06
5.724754155501273461e+06 1.990121017049188027e+06
5.724732793078303337e+06 1.990143701471939916e+06
5.724719127550032921e+06 1.990171739516832866e+06
5.724725192557889968e+06 1.990220754296866944e+06
5.724688739840609953e+06 1.990269094735429157e+06
5.724686960404539481e+06 1.990271609924231190e+06
5.724679905790749937e+06 1.990321169914065860e+06
5.724670014139337465e+06 1.990370847802433651e+06
5.724645085958723910e+06 1.990404093267883174e+06
5.724636088453942910e+06 1.990421524472171674e+06
5.724621069436037913e+06 1.990471415440142853e+06
5.724600557685236447e+06 1.990518059956437442e+06
5.724598037219980732e+06 1.990521639413702767e+06
5.724574535309078172e+06 1.990571882907929365e+06
5.724555192916599102e+06 1.990611906466343207e+06
5.724545252021722496e+06 1.990622366661234293e+06
5.724507857998641208e+06 1.990658365600357531e+06
5.724500874605089426e+06 1.990673477686423576e+06
5.724469041066611186e+06 1.990724067426211666e+06
5.724461636160564609e+06 1.990731597136524739e+06
5.724432802284095436e+06 1.990774840238478035e+06
5.724415355897865258e+06 1.990803423310304061e+06
5.724401284684883431e+06 1.990825416853697039e+06
5.724369288687646389e+06 1.990876013352266978e+06
5.724369116750855930e+06 1.990876238320161123e+06
5.724342770185163245e+06 1.990926382222500397e+06
5.724348714639784768e+06 1.990975402015139116e+06
5.724340479068207555e+06 1.991025011093739420e+06
5.724326972754891030e+06 1.991047551500225440e+06
5.724312853110733442e+06 1.991075425990190590e+06
5.724311047538507730e+06 1.991124767854354344e+06
5.724302412466031499e+06 1.991174393536300864e+06
5.724284571621141396e+06 1.991212679304160876e+06
5.724278722992912866e+06 1.991224644845081726e+06
5.724263765293074772e+06 1.991274533282369375e+06
5.724239918136813678e+06 1.991323632456355030e+06
5.724239157590646297e+06 1.991324822753503919e+06
5.724201939364650287e+06 1.991375636292890878e+06
5.724193120513292961e+06 1.991383014073688537e+06
5.724160743019215763e+06 1.991426615157662192e+06
5.724146310662256554e+06 1.991442101533329813e+06
5.724119910059942864e+06 1.991477578924219124e+06
5.724099648657413200e+06 1.991504744953147601e+06
5.724080756361080334e+06 1.991528472907359013e+06
5.724052941687740386e+06 1.991566306805327069e+06
5.724045827170165256e+06 1.991579191331181675e+06
5.724025567758142017e+06 1.991629300108980620e+06
5.724007369256443344e+06 1.991655156586478231e+06
5.723988017598471604e+06 1.991680127460199874e+06
5.723960650997991674e+06 1.991716446749142371e+06
5.723951642459612340e+06 1.991730905982634518e+06
5.723928789664645679e+06 1.991781122542347992e+06
5.723914814145878889e+06 1.991798936420222744e+06
5.723892208580265753e+06 1.991831909628571244e+06
5.723868119584627450e+06 1.991860796386056812e+06
5.723853799776671454e+06 1.991882772674771026e+06
5.723827955233100802e+06 1.991933113572872244e+06
5.723822229712774977e+06 1.991942010598739143e+06
5.723797822991312481e+06 1.991983632663066266e+06
5.723794179671029560e+06 1.992033050914382562e+06
5.723778648996904492e+06 1.992078764139134204e+06
5.723777541206308641e+06 1.992083009225316579e+06
5.723768513005486690e+06 1.992132651264961110e+06
5.723765400648682378e+06 1.992182047450170387e+06
5.723743618319704197e+06 1.992232219535285840e+06
5.723736281573727727e+06 1.992244699102905346e+06
5.723718245621239766e+06 1.992282540833159816e+06
5.723709160337334499e+06 1.992332185247017303e+06
5.723705266390553676e+06 1.992381613915027119e+06
5.723694204731328413e+06 1.992417622438929742e+06
5.723691985749764368e+06 1.992431432683549123e+06
5.723682117413502187e+06 1.992481109640876995e+06
5.723662347045964561e+06 1.992531198116995627e+06
5.723650076116253622e+06 1.992541196756199934e+06
5.723618082212626003e+06 1.992582304561119294e+06
5.723603534967048094e+06 1.992606745571225649e+06
5.723595812827636488e+06 1.992632496897761477e+06
5.723587084658361971e+06 1.992682126474419376e+06
5.723570382782158442e+06 1.992732087432111613e+06
5.723560214848911390e+06 1.992749764958156040e+06
5.723540396999833174e+06 1.992782600459822221e+06
5.723515578345226124e+06 1.992832898747558240e+06
5.723514509486473165e+06 1.992835415379322600e+06
5.723499849629995413e+06 1.992882819265082246e+06
5.723474705878120847e+06 1.992933131066612666e+06
5.723469527034961618e+06 1.992938452666812809e+06
5.723433785184511915e+06 1.992984098550765077e+06
5.723422942177908495e+06 1.993002949730069609e+06
5.723405462408821099e+06 1.993034542475149035e+06
5.723376551646255888e+06 1.993072120500363875e+06
5.723365313985913061e+06 1.993085477870124858e+06
5.723342945317659527e+06 1.993135674348879140e+06
5.723331420562791638e+06 1.993171582505750703e+06
5.723318057104864158e+06 1.993185975540480809e+06
5.723284427634811029e+06 1.993226264681343455e+06
5.723279050063709728e+06 1.993236863508019596e+06
5.723250879642469808e+06 1.993287301111473003e+06
5.723238773826076649e+06 1.993313154218758224e+06
5.723228083389973268e+06 1.993337515367590822e+06
5.723205955952045508e+06 1.993387701829379192e+06
5.723193523436871357e+06 1.993409746300085448e+06
5.723178315374678001e+06 1.993438117418099428e+06
5.723172156379921362e+06 1.993487640235457337e+06
5.723155870583472773e+06 1.993537583922506543e+06
5.723150150753807276e+06 1.993551499025638914e+06
5.723141930851875804e+06 1.993587430107905529e+06
5.723135338520867750e+06 1.993636970935437595e+06
5.723118229665398598e+06 1.993686948831014568e+06
5.723107188935548067e+06 1.993703133031143108e+06
5.723082210208256729e+06 1.993737712655397831e+06
5.723060857485831715e+06 1.993773723808236886e+06
5.723050409216519445e+06 1.993788301162244054e+06
5.723013275474877097e+06 1.993814237359108403e+06
5.722968574187836610e+06 1.993840969100292539e+06
5.722966288776443340e+06 1.993869068692390341e+06
5.722965829372045584e+06 1.993890350029981695e+06
5.722967343697080389e+06 1.993894440458376659e+06
5.722979069602467120e+06 1.993939066614846699e+06
5.722970349560247734e+06 1.993966734036295908e+06
5.722963190937679261e+06 1.993988993391445605e+06
5.722955591341812164e+06 1.994038576086950721e+06
5.722957133614666760e+06 1.994087778841882478e+06
5.722951016753407195e+06 1.994137299913919764e+06
5.722956945593901910e+06 1.994186320359471487e+06
5.722947060396920890e+06 1.994235998045347398e+06
5.722933276564637199e+06 1.994259997202111408e+06
5.722919206673347391e+06 1.994286422515672632e+06
5.722889748169753700e+06 1.994336913683841238e+06
5.722887355385456234e+06 1.994340454431775957e+06
5.722854805640499108e+06 1.994387632774553960e+06
5.722840740636072122e+06 1.994404230744627072e+06
5.722815091778412461e+06 1.994438550168575486e+06
5.722794395834626630e+06 1.994474499391347868e+06
5.722775589904685505e+06 1.994489458755414002e+06
5.722746957865724340e+06 1.994518476672740653e+06
5.722727432650844567e+06 1.994540727071204688e+06
5.722700246765325777e+06 1.994579935501477681e+06
5.722692399576405063e+06 1.994591449937130557e+06
5.722670814736850560e+06 1.994641613883049227e+06
5.722654207346580923e+06 1.994657548529650550e+06
5.722611943857138976e+06 1.994693327479179716e+06
5.722606682428057306e+06 1.994699434520635987e+06
5.722559141202502884e+06 1.994740928307555383e+06
5.722554576430587098e+06 1.994744978595419321e+06
5.722511752960883081e+06 1.994786101405124180e+06
5.722492923529457301e+06 1.994796807826419361e+06
5.722463529350745492e+06 1.994811183561711805e+06
5.722430403277794831e+06 1.994848673111326061e+06
5.722416751030762680e+06 1.994871025464435341e+06
5.722399947375767864e+06 1.994899205764744664e+06
5.722377803478942253e+06 1.994949392961980309e+06
5.722371283447918482e+06 1.994962390924148029e+06
5.722357847848993726e+06 1.994999489213158609e+06
5.722344307270096615e+06 1.995049318846588721e+06
5.722328490216300823e+06 1.995099243094408419e+06
5.722327762676454149e+06 1.995100577476148726e+06
5.722304537910485640e+06 1.995149505456886953e+06
5.722297630031237379e+06 1.995199059427095344e+06
5.722283830293434672e+06 1.995228864308151416e+06
5.722272214578364044e+06 1.995249382602814352e+06
5.722240729455396533e+06 1.995299958046167623e+06
5.722237758467315696e+06 1.995305696976102423e+06
5.722202471386394463e+06 1.995350814987480408e+06
5.722190952612436377e+06 1.995364876085012686e+06
5.722159705564883538e+06 1.995401859282257035e+06
5.722144286689124070e+06 1.995427420496831415e+06
5.722126172975813970e+06 1.995452519830146106e+06
5.722097102441484109e+06 1.995477499137307517e+06
5.722067356463521719e+06 1.995504231229168363e+06
5.722049651629195549e+06 1.995521166870035697e+06
5.722002270119700581e+06 1.995556203220224008e+06
5.722001861332005821e+06 1.995556669987554196e+06
5.721965854721315205e+06 1.995606983594191028e+06
5.721955189614374191e+06 1.995619074865635252e+06
5.721923329925180413e+06 1.995658017890411196e+06
5.721908130380521528e+06 1.995672159954444272e+06
5.721860171748297289e+06 1.995703614592610626e+06
5.721852579199335538e+06 1.995710225320615806e+06
5.721812457796432078e+06 1.995740953763925005e+06
5.721791734729214571e+06 1.995762021031642100e+06
5.721765254703869112e+06 1.995790579005134990e+06
5.721745384796145372e+06 1.995813214322317392e+06
5.721717705676037818e+06 1.995831884544990258e+06
5.721671737890252843e+06 1.995865542142792139e+06
5.721669991119603626e+06 1.995869209148923168e+06
5.721634335516037419e+06 1.995916363560886821e+06
5.721623197810813785e+06 1.995928689512040699e+06
5.721590865112354048e+06 1.995967437184087932e+06
5.721576477661834098e+06 1.995989929288287880e+06
5.721564549209547229e+06 1.996017797827035887e+06
5.721535138472726569e+06 1.996068287101009861e+06
5.721530681024010293e+06 1.996073379127406515e+06
5.721499238828308880e+06 1.996119046072958503e+06
5.721484347363132983e+06 1.996143913634964963e+06
5.721475131652846001e+06 1.996169314921522047e+06
5.721461349368446507e+06 1.996219154641469475e+06
5.721439435302306898e+06 1.996248636913139373e+06
5.721426788788403384e+06 1.996269857964913128e+06
5.721397824743031524e+06 1.996320328683434520e+06
5.721393423106471077e+06 1.996326902260344941e+06
5.721378123761991970e+06 1.996370414404810872e+06
5.721350182760791853e+06 1.996420842606407125e+06
5.721348195020166226e+06 1.996424024905834580e+06
5.721328469337284565e+06 1.996471011973601067e+06
5.721312520915106870e+06 1.996520941731546540e+06
5.721303457053317688e+06 1.996532934443462873e+06
5.721272193744324148e+06 1.996571884745025774e+06
5.721256605656549335e+06 1.996591017096571391e+06
5.721229971621196717e+06 1.996622906521847704e+06
5.721209960668572225e+06 1.996654063690901268e+06
5.721191141306692734e+06 1.996673787327930564e+06
5.721162271635285579e+06 1.996692001651306637e+06
5.721116683724916540e+06 1.996726148920306005e+06
5.721114493386708200e+06 1.996727794042932335e+06
5.721066523723955266e+06 1.996758983063665219e+06
5.721028274960017763e+06 1.996779090376688167e+06
5.721018446824872866e+06 1.996787593139556004e+06
5.720970378583842888e+06 1.996816411448075669e+06
5.720947551172045060e+06 1.996831712428851053e+06
5.720922534125134349e+06 1.996850611555581447e+06
5.720899500521622598e+06 1.996882976482517552e+06
5.720876519550905563e+06 1.996928818868574454e+06
5.720873930130266584e+06 1.996933306183332112e+06
5.720852633753570728e+06 1.996983458242950728e+06
5.720830721378096379e+06 1.997012230326968711e+06
5.720816501372803934e+06 1.997034226940736873e+06
5.720784248127141036e+06 1.997079406645020936e+06
5.720778555860522203e+06 1.997085071001607925e+06
5.720737256201442331e+06 1.997134109251571586e+06
5.720734952627859078e+06 1.997136150220984593e+06
5.720689748480402865e+06 1.997176407443608856e+06
5.720673609197183512e+06 1.997187966792285675e+06
5.720642696353778243e+06 1.997229662206828827e+06
5.720637966891133226e+06 1.997238715133851161e+06
5.720595843929068185e+06 1.997287719552103663e+06
5.720593588372642174e+06 1.997289826588455355e+06
5.720550354667913169e+06 1.997340890463890508e+06
5.720548840333347209e+06 1.997342141344292555e+06
5.720501403298699297e+06 1.997386139367055381e+06
5.720494849627709016e+06 1.997392464387708111e+06
5.720454129333144054e+06 1.997434058998841327e+06
5.720443689435570501e+06 1.997443857727295952e+06
5.720406592654142529e+06 1.997475660650717793e+06
5.720379551905163564e+06 1.997495790461896686e+06
5.720358777853001840e+06 1.997510573782512685e+06
5.720310498064318672e+06 1.997534304525659187e+06
5.720276194162722677e+06 1.997549353355400963e+06
5.720262277636354789e+06 1.997559462842102163e+06
5.720222607608336024e+06 1.997600847561721224e+06
5.720215010794400238e+06 1.997607553733136505e+06
5.720166916988588870e+06 1.997635757170579629e+06
5.720141465750375763e+06 1.997653487087656977e+06
5.720119146107695065e+06 1.997671726548279170e+06
5.720071199630199000e+06 1.997703473058492644e+06
5.720069024459490553e+06 1.997705764988725306e+06
5.720023164271372370e+06 1.997733082098789979e+06
5.719974759847362526e+06 1.997753815632861806e+06
5.719960243163449690e+06 1.997759553345835302e+06
5.719926435193912126e+06 1.997776467564714607e+06
5.719877937497121282e+06 1.997794958066660212e+06
5.719848364540974610e+06 1.997813470453443937e+06
5.719829927960835397e+06 1.997825188170519657e+06
5.719781631529092789e+06 1.997848518858334748e+06
5.719751045534875244e+06 1.997866782410034444e+06
5.719733525904942304e+06 1.997876438214298105e+06
5.719684555839244276e+06 1.997883569028973114e+06
5.719635636142720468e+06 1.997891911189004779e+06
5.719600630264461972e+06 1.997922301301067928e+06
5.719587875331075862e+06 1.997928122847162420e+06
5.719539050246679224e+06 1.997938740352423629e+06
5.719490338063322939e+06 1.997952072993786074e+06
5.719441444244755432e+06 1.997961037620873889e+06
5.719392359419602901e+06 1.997965408872603904e+06
5.719343480568663217e+06 1.997974733528001467e+06
5.719294411949782632e+06 1.997979494599521393e+06
5.719264581302128732e+06 1.997985536020049825e+06
5.719245671741324477e+06 1.997992153467780678e+06
5.719228954982539639e+06 1.997987016818639822e+06
5.719196111938355491e+06 1.997985102421118412e+06
5.719146878991109319e+06 1.997985911786287790e+06
5.719097656970488839e+06 1.997986983964591287e+06
5.719048365975083783e+06 1.997986397455502534e+06
5.718999057641370222e+06 1.997985394034571014e+06
5.718949258036565036e+06 1.997972576383867301e+06
5.718900591173026711e+06 1.997986999376531458e+06
5.718851068961421028e+06 1.997980852680387674e+06
5.718824876907249913e+06 1.997954545260549756e+06
5.718798841925796121e+06 1.997909659402349731e+06
5.718796697661489248e+06 1.997906449541767593e+06
5.718771756706079468e+06 1.997858219221640145e+06
5.718795930338933133e+06 1.997839640372953843e+06
5.718833521383053623e+06 1.997806385005186312e+06
5.718843424911285751e+06 1.997797025431976654e+06
5.718891723549368791e+06 1.997773747029346181e+06
5.718909876108925790e+06 1.997753944364407565e+06
5.718900904804763384e+06 1.997705050271400716e+06
5.718900393691268750e+06 1.997655804533140035e+06
5.718886039352322929e+06 1.997637050624303054e+06
5.718835896077764221e+06 1.997615968350796495e+06
5.718786921958499588e+06 1.997623002590246964e+06
5.718737797456764616e+06 1.997626420396194793e+06
5.718701203206194565e+06 1.997664083801423432e+06
5.718691017232127488e+06 1.997686214567515766e+06
5.718667663345450535e+06 1.997714744864732726e+06
5.718643561547409743e+06 1.997729764915453503e+06
5.718594887663648464e+06 1.997744019473480294e+06
5.718550518797255121e+06 1.997768880936002592e+06
5.718546800054979511e+06 1.997772373053717194e+06
5.718498889277753420e+06 1.997804979159086011e+06
5.718471789230178110e+06 1.997821420309275854e+06
5.718450908062337898e+06 1.997835891346391058e+06
5.718402148898039013e+06 1.997848095151690533e+06
5.718362215077930130e+06 1.997825974738250719e+06
5.718351906499962322e+06 1.997824629662630381e+06
5.718302628360737115e+06 1.997824353067433694e+06
5.718253296441872604e+06 1.997822783206981374e+06
5.718204048397001810e+06 1.997823230423561530e+06
5.718154262418368831e+06 1.997810741275233682e+06
5.718105277411605231e+06 1.997817514214153867e+06
5.718056502200697549e+06 1.997829332430666313e+06
5.718007573027374223e+06 1.997837448148308089e+06
5.717997679433687590e+06 1.997841126618524315e+06
5.717960151461534202e+06 1.997881819276409457e+06
5.717941921113175340e+06 1.997892711230071262e+06
5.717928986896235496e+06 1.997942515860958258e+06
5.717919105799508281e+06 1.997992193589239614e+06
5.717920557581678033e+06 1.998041400265355594e+06
5.717923483818931505e+06 1.998090545654861722e+06
5.717926976449588314e+06 1.998139667501326883e+06
5.717924793640712276e+06 1.998189025247998768e+06
5.717923760066567920e+06 1.998191446014988469e+06
5.717895460667675361e+06 1.998239511498669861e+06
5.717877595019599423e+06 1.998266033691392746e+06
5.717857056067268364e+06 1.998290374816746218e+06
5.717843862731418572e+06 1.998340190221805824e+06
5.717832200848421082e+06 1.998359159319321392e+06
5.717822157829871401e+06 1.998390359414375853e+06
5.717786278718603775e+06 1.998439588427888462e+06
5.717784160824122839e+06 1.998441205797548173e+06
5.717755174178464338e+06 1.998491677663253620e+06
5.717740069783037528e+06 1.998513120320480550e+06
5.717725363499803469e+06 1.998542183782459702e+06
5.717695808942383155e+06 1.998592679258007091e+06
5.717694175397844054e+06 1.998594216393891955e+06
5.717648699469864368e+06 1.998643904417795595e+06
5.717647098417761736e+06 1.998646873444770696e+06
5.717628263857134618e+06 1.998694020862831967e+06
5.717601273260008544e+06 1.998729634086673846e+06
5.717583622230416164e+06 1.998745143451155862e+06
5.717554580762065947e+06 1.998791536973850336e+06
5.717552891174030490e+06 1.998795687838603044e+06
5.717522459652337246e+06 1.998846219777900027e+06
5.717508317766604014e+06 1.998863768372791586e+06
5.717476366009707563e+06 1.998897402730223956e+06
5.717461223814122379e+06 1.998916017046681605e+06
5.717443072720721364e+06 1.998948053626963403e+06
5.717415108838008717e+06 1.998991807810557541e+06
5.717408761289154179e+06 1.998998746846371563e+06
5.717367386991011910e+06 1.999028956983003765e+06
5.717329472018927336e+06 1.999051309621851658e+06
5.717319424805635586e+06 1.999060326580282301e+06
5.717281515248076990e+06 1.999102570033163764e+06
5.717272721755929291e+06 1.999121975399815710e+06
5.717264029600153677e+06 1.999152563879335765e+06
5.717258400266882032e+06 1.999202064903926570e+06
5.717234059522027150e+06 1.999252343692538096e+06
5.717229112312799320e+06 1.999258017848397838e+06
5.717188451300742105e+06 1.999303506494180299e+06
5.717182544139624573e+06 1.999322909879158251e+06
5.717175154068155214e+06 1.999353326248055324e+06
5.717172395657203160e+06 1.999402707941219676e+06
5.717141471296478063e+06 1.999453260393643752e+06
5.717138847239075229e+06 1.999456848641571356e+06
5.717114888486587442e+06 1.999503632385104895e+06
5.717092590186163783e+06 1.999529222058082931e+06
5.717069355362492613e+06 1.999554792078357423e+06
5.717045472053023987e+06 1.999580888666555053e+06
5.717014548110350035e+06 1.999606337269803043e+06
5.716998034067466855e+06 1.999624863638657378e+06
5.716954341319123283e+06 1.999658106907137670e+06
5.716950311522117816e+06 1.999661995693423087e+06
5.716914817868665792e+06 1.999709016810384579e+06
5.716903404600216076e+06 1.999718741280691465e+06
5.716855449767462909e+06 1.999750287433234509e+06
5.716831441120838746e+06 1.999761749558805022e+06
5.716807446348715574e+06 1.999780665234406712e+06
5.716778986627333798e+06 1.999813196973752463e+06
5.716760378369890153e+06 1.999833537774413591e+06
5.716712321743011475e+06 1.999862636069017230e+06
5.716708772223730572e+06 1.999865382618317381e+06
5.716664688809709623e+06 1.999901923007918289e+06
5.716642724910777994e+06 1.999917395056051202e+06
5.716616726901176386e+06 1.999933299023987260e+06
5.716568379364929162e+06 1.999955401808876079e+06
5.716550957450008020e+06 1.999970476610907121e+06
5.716521032758047804e+06 2.000001574073599651e+06
5.716501026111949235e+06 2.000021819167673122e+06
5.716473457245653495e+06 2.000042241807634244e+06
5.716425176560581662e+06 2.000065952204813249e+06
5.716416921481539495e+06 2.000074582216160139e+06
5.716385803906613961e+06 2.000125142747148173e+06
5.716378691065514460e+06 2.000132831614042167e+06
5.716331141871279106e+06 2.000174132180952700e+06
5.716329178791219369e+06 2.000176763559748884e+06
5.716298902541137300e+06 2.000227289124957286e+06
5.716284626522939652e+06 2.000240293592993636e+06
5.716236800551068038e+06 2.000274938456235221e+06
5.716232212282614782e+06 2.000279328327933326e+06
5.716197260201970115e+06 2.000330048261734890e+06
5.716190204537133686e+06 2.000339160007053753e+06
5.716142188997611403e+06 2.000369246335959993e+06
5.716126388930339366e+06 2.000382261269490235e+06
5.716094394691377878e+06 2.000404652640805114e+06
5.716046369745132513e+06 2.000434512783678481e+06
5.716045747092268430e+06 2.000434880422713701e+06
5.715997883747085929e+06 2.000453286108256783e+06
5.715948514223310165e+06 2.000450813484617975e+06
5.715899225464560091e+06 2.000450283049181104e+06
5.715850094468328170e+06 2.000453546343384776e+06
5.715801223081685603e+06 2.000463052457795711e+06
5.715752821483209729e+06 2.000483855499615893e+06
5.715725029151360504e+06 2.000497478989320109e+06
5.715704824837717228e+06 2.000514396369880531e+06
5.715677615655613132e+06 2.000548716945583001e+06
5.715657874571465887e+06 2.000570099241407122e+06
5.715609742702236399e+06 2.000597388424568344e+06
5.715593944815586321e+06 2.000601462044685381e+06
5.715561212899145670e+06 2.000615108634148026e+06
5.715532405255281366e+06 2.000653287201478845e+06
