0.056
0.405
0.368
0.336
0.308
0.283
0.262
0.243
0.226
1.776
5.371
23.580
48.949
30.301
20.117
14.048
10.196
7.631
5.855
4.588
3.660
2.964
2.434
2.022
1.699
1.440
1.232
1.063
0.923
0.808
0.711
0.630
0.561
0.503
0.452
0.409
2.850
18.748
37.458
24.149
16.503
11.780
8.698
6.601
5.125
4.056
3.263
2.663
2.201
1.839
1.553
1.323
1.137
0.985
0.859
0.754
0.666
0.592
0.529
0.475
0.428
0.388
0.354
0.323
0.297
3.492
8.012
8.824
11.847
13.034
9.531
11.902
17.460
12.387
9.103
6.881
5.325
4.202
3.372
2.746
2.265
3.232
5.749
4.511
3.603
2.921
2.401
1.996
1.678
1.424
1.219
1.052
0.914
0.800
0.705
0.649
1.245
5.256
10.891
8.616
7.790
5.967
4.669
3.752
4.416
6.588
5.758
4.912
3.899
3.283
4.364
3.494
2.839
2.410
3.002
2.463
2.069
2.072
1.738
1.782
3.439
2.797
2.305
1.921
1.618
1.376
1.180
1.020
0.888
0.778
0.722
2.865
5.327
4.204
3.374
2.747
2.266
1.941
2.458
3.123
2.556
2.118
1.774
1.501
1.281
1.103
0.956
0.835
0.734
0.649
0.578
0.517
0.464
0.419
0.381
0.347
0.318
0.292
0.269
0.249
0.232
0.216
0.202
0.190
0.179
0.169
0.160
0.151
0.144
0.138
0.132
0.126
0.123
1.115
2.945
2.419
2.011
1.747
2.480
3.220
2.630
2.175
1.819
1.537
1.310
1.126
0.976
0.857
0.875
0.908
0.890
0.781
0.713
0.684
0.607
0.541
0.486
0.438
0.397
0.379
0.440
0.398
0.366
0.445
0.403
0.366
0.335
0.307
0.282
0.261
0.242
0.228
0.350
0.320
0.298
0.443
0.620
0.653
0.581
0.519
0.467
0.421
0.382
0.348
0.319
0.293
0.270
0.250
0.236
0.349
0.320
0.294
0.271
0.251
0.233
0.218
0.245
0.228
0.213
0.199
0.187
0.176
0.166
0.158
0.150
0.143
0.136
0.130
0.125
0.120
0.115
0.111
0.108
0.104
0.101
0.098
0.096
0.093
0.093
0.354
0.422
1.469
1.256
1.082
0.939
0.821
0.722
0.639
0.569
0.509
0.458
1.266
3.372
4.778
3.800
3.071
3.724
6.391
8.801
10.526
7.855
6.013
4.702
3.744
3.028
4.009
6.674
5.177
4.094
3.291
2.685
2.218
1.853
1.564
1.332
1.144
0.990
0.863
0.758
0.669
0.594
0.531
0.477
0.430
2.810
6.717
7.746
5.937
4.647
3.703
2.998
2.459
2.070
3.748
6.542
5.269
6.199
7.005
5.413
4.266
3.420
2.783
2.341
2.676
3.309
8.064
15.638
11.226
8.327
6.343
4.940
3.920
3.161
2.585
2.140
1.791
1.515
1.292
1.112
0.989
4.670
19.665
32.876
21.587
15.510
15.027
14.311
10.368
7.747
7.261
10.996
12.573
9.226
7.185
7.438
6.429
5.002
3.965
3.195
2.611
2.160
1.808
1.528
1.388
2.856
2.350
1.957
1.647
1.399
1.198
1.035
0.900
0.789
0.695
0.616
0.550
0.493
0.444
0.402
0.365
0.334
0.306
0.282
0.260
21.705
72.239
44.290
30.809
20.409
14.228
10.314
7.711
5.912
4.629
3.690
2.987
2.452
2.036
1.709
1.449
1.251
1.374
2.826
2.327
1.939
1.632
1.387
1.189
1.027
15.189
45.788
35.434
23.026
15.827
11.347
8.408
6.400
4.981
3.950
3.183
2.602
2.153
1.802
1.523
1.299
1.117
0.968
0.845
0.743
0.675
1.072
0.977
1.878
1.584
1.348
1.157
1.001
0.925
2.066
5.198
11.097
12.970
18.510
22.337
15.409
11.743
11.699
9.619
7.463
8.014
10.334
11.875
8.762
6.646
5.157
4.079
3.280
2.676
2.211
1.919
2.723
2.248
1.876
1.583
1.347
1.156
1.001
0.872
0.806
2.700
4.866
3.865
3.145
2.943
3.315
2.703
2.232
1.864
8.281
19.574
17.690
13.385
9.762
7.334
5.646
4.436
3.547
2.879
2.368
7.848
16.463
12.402
9.113
6.888
5.330
4.206
3.375
2.748
2.267
1.892
1.595
1.357
1.164
1.007
0.877
0.769
0.679
0.603
0.538
0.483
0.435
0.394
0.359
0.328
0.301
0.277
0.256
0.238
0.222
0.207
0.194
0.183
0.172
0.163
0.154
0.147
0.140
0.134
0.128
0.123
0.118
0.114
0.110
0.106
0.103
0.100
0.097
0.095
0.092
0.090
0.088
0.086
0.084
0.088
3.501
7.131
5.502
4.331
3.469
2.820
2.322
1.935
1.629
1.385
1.187
1.026
0.893
0.782
0.690
0.612
0.546
0.489
0.441
0.399
0.363
0.332
0.304
0.280
0.259
0.240
0.228
0.415
1.097
0.952
0.831
0.731
0.647
0.575
0.515
0.463
0.418
0.379
0.346
0.317
0.291
0.269
0.249
0.231
0.216
0.202
0.189
0.178
0.168
0.159
0.151
0.144
0.137
0.131
0.126
0.121
0.116
0.112
0.110
0.211
0.255
1.272
1.095
0.950
0.830
0.730
0.646
0.575
0.514
0.462
0.418
0.379
0.346
0.316
0.291
0.268
0.249
0.231
0.215
0.202
0.189
1.190
3.159
3.579
2.903
2.387
1.985
1.669
1.417
1.329
2.891
2.814
2.318
1.995
2.627
2.173
1.818
1.536
1.343
1.813
2.404
1.999
1.680
1.426
1.220
1.053
4.310
9.100
6.879
5.323
4.201
3.371
2.746
2.265
1.890
1.593
1.356
1.164
1.006
0.877
3.394
7.429
7.716
6.066
6.071
20.093
46.063
28.790
19.243
13.506
9.841
7.388
11.103
18.529
15.594
11.197
8.308
6.330
4.930
3.913
3.155
2.580
2.137
1.789
1.513
1.291
1.111
0.963
0.841
0.739
0.653
0.581
0.519
0.467
2.805
6.189
5.854
7.679
5.889
4.613
3.678
4.080
8.389
10.990
8.168
6.232
4.860
4.033
12.652
30.314
33.822
25.279
17.574
14.606
10.559
7.877
6.029
4.837
5.176
5.833
7.151
5.516
4.454
4.702
3.744
3.028
2.483
2.061
1.729
1.465
1.252
1.079
0.968
3.595
7.102
7.415
5.703
4.606
22.405
53.033
32.405
21.320
14.788
10.677
7.957
6.085
4.754
3.782
3.057
2.505
2.078
1.743
1.476
1.261
1.086
0.968
1.386
7.448
16.667
11.884
8.768
6.650
5.159
4.081
3.282
2.677
2.212
1.848
1.560
1.329
1.142
0.988
0.920
10.448
23.042
15.836
11.353
8.413
6.403
4.983
3.951
3.184
2.603
2.154
1.803
19.290
54.837
33.321
21.839
15.106
10.883
8.096
6.182
4.824
3.834
3.096
2.535
2.101
1.761
1.490
1.273
1.096
0.951
0.830
0.730
0.646
0.575
0.514
0.462
0.418
0.379
0.346
0.316
0.291
0.268
0.249
0.240
2.008
4.550
7.921
12.018
8.857
6.763
5.654
4.442
3.618
3.756
4.035
3.247
3.034
4.659
3.712
3.004
2.488
2.388
2.246
1.875
1.581
1.424
2.722
2.590
2.177
2.329
2.743
2.263
1.888
1.657
2.499
2.073
1.739
1.473
1.258
1.084
0.941
0.822
0.723
0.640
0.570
0.510
0.459
0.415
0.376
0.343
0.314
0.289
0.267
0.247
0.230
0.214
0.201
0.188
0.177
0.167
0.159
0.151
4.245
9.686
10.294
13.725
10.313
7.710
5.911
4.629
3.690
2.987
2.451
2.036
1.709
1.449
1.239
1.068
0.928
0.812
0.714
0.633
0.564
0.505
0.454
0.411
0.373
0.340
0.312
0.287
0.265
0.245
0.235
0.514
0.463
0.455
0.412
0.404
0.416
0.378
0.344
0.315
0.290
0.268
0.252
0.419
0.454
0.413
0.448
0.580
0.518
0.466
0.421
0.382
0.348
0.319
0.293
0.270
0.250
0.232
0.217
0.203
0.190
0.179
0.193
0.182
0.171
0.162
0.154
0.146
0.139
0.133
0.127
0.127
0.516
1.114
0.965
0.843
0.741
0.655
0.582
0.520
0.468
0.422
0.383
0.349
0.319
0.294
0.271
0.251
0.233
0.217
0.203
0.191
0.179
0.169
0.160
0.152
0.145
0.138
0.132
0.126
0.121
0.117
0.113
0.109
0.105
0.102
0.099
0.096
0.094
0.091
0.089
0.087
1.842
4.386
4.802
3.818
3.084
2.526
2.094
1.755
1.486
1.269
1.093
0.948
0.828
0.729
0.667
1.219
8.191
17.240
12.248
9.011
6.818
5.279
4.260
4.350
3.483
2.830
2.330
1.941
1.634
1.389
1.190
1.028
0.895
0.784
0.691
0.613
0.547
0.490
0.442
0.415
0.937
2.185
1.827
1.543
1.316
1.131
0.979
0.868
1.040
0.905
0.792
0.698
0.619
0.552
0.494
0.917
15.700
43.262
35.999
23.341
16.017
11.469
8.490
6.457
5.021
3.980
3.206
2.619
2.167
1.813
1.532
1.306
1.123
0.973
0.849
0.746
0.659
0.586
8.962
29.886
34.046
29.850
27.741
18.631
13.124
9.590
7.217
5.563
5.836
9.303
10.415
7.779
5.960
4.664
3.716
3.007
2.467
2.048
1.719
1.457
2.007
4.003
3.223
9.340
19.093
13.412
9.780
7.346
5.655
5.806
13.988
20.966
14.572
10.537
7.862
6.018
4.912
6.142
14.619
26.018
17.617
12.486
9.169
6.927
5.357
4.226
3.390
2.760
2.276
1.899
3.915
7.445
5.725
4.493
11.401
22.780
15.678
11.251
8.344
6.355
4.949
3.926
3.165
2.588
2.143
1.794
1.517
1.294
1.113
0.965
0.842
0.740
0.654
0.582
0.520
0.467
3.259
7.183
5.539
4.358
3.489
12.451
27.464
18.469
13.022
26.011
51.510
34.951
25.746
20.930
14.549
10.522
7.852
6.011
10.791
19.015
13.363
9.748
7.325
5.639
4.431
3.543
2.876
2.366
1.969
1.656
1.407
1.205
1.040
0.905
0.792
0.698
0.619
0.564
0.838
0.736
0.651
0.579
0.518
0.473
0.667
1.218
1.085
1.658
2.068
1.735
1.469
1.256
1.082
0.939
0.834
1.061
1.824
1.541
1.314
1.129
0.978
0.853
8.282
24.673
25.675
17.414
12.358
9.083
15.092
25.962
17.584
12.465
9.155
6.917
5.350
4.221
3.386
2.757
2.274
1.897
1.599
1.360
1.167
1.009
0.879
0.771
0.680
0.604
0.539
0.484
0.436
0.395
0.359
0.328
0.301
0.278
0.257
0.238
0.222
0.207
0.194
0.183
0.172
0.163
0.164
0.837
0.742
0.818
1.030
0.897
0.816
1.791
3.473
2.823
2.325
1.937
1.631
1.386
1.188
1.027
1.661
3.661
3.331
2.715
2.241
1.871
1.579
1.344
1.154
0.998
0.891
1.277
1.950
1.641
1.394
1.195
1.032
0.898
0.787
0.693
0.615
0.548
0.492
0.443
0.401
0.365
0.333
0.305
0.281
0.260
0.241
0.224
0.210
0.196
0.184
0.174
0.164
0.156
0.148
0.141
0.135
0.172
0.162
0.154
0.146
0.140
0.133
0.128
0.128
0.550
0.493
0.444
0.402
0.366
0.334
0.317
0.291
0.269
0.271
0.533
0.479
0.432
0.396
0.496
0.578
0.517
0.465
0.420
0.381
0.356
0.378
1.942
5.665
7.737
5.930
4.642
3.700
2.995
2.457
2.041
1.713
1.452
1.242
1.070
0.930
0.813
0.716
0.634
0.564
0.505
0.455
0.411
0.373
0.341
0.312
0.287
0.265
0.246
0.228
0.213
0.200
0.187
0.176
0.167
0.158
0.150
0.143
0.136
0.130
0.125
0.120
0.116
0.112
2.696
6.057
4.734
3.767
3.046
6.843
14.456
16.269
16.045
11.487
8.502
6.465
5.027
3.984
3.209
2.622
2.169
1.814
1.610
2.810
3.672
3.030
3.361
4.851
5.857
8.250
7.967
7.047
7.453
7.516
6.592
5.118
4.183
4.766
3.791
3.064
2.510
2.110
2.220
5.779
16.630
23.565
16.281
12.605
12.521
13.451
10.417
7.891
6.883
5.326
4.203
3.373
2.747
2.266
2.810
9.520
15.481
31.186
61.928
36.853
24.626
20.211
15.579
11.432
12.106
14.160
13.066
9.552
7.190
5.544
4.362
3.492
2.957
5.600
8.193
6.250
4.873
3.870
3.225
3.854
3.111
2.546
2.110
1.768
1.496
1.277
1.100
0.954
0.833
0.732
0.648
0.576
0.515
0.500
4.076
13.707
20.951
14.562
10.531
7.858
6.015
4.703
3.745
3.029
2.484
2.061
2.366
7.545
11.951
11.545
14.164
10.271
7.682
5.891
4.614
3.679
2.979
2.445
2.031
1.706
1.446
1.237
2.764
8.364
11.880
8.766
6.648
5.309
5.837
6.631
5.146
4.071
3.275
2.672
2.208
1.845
1.557
7.174
15.682
14.003
15.883
11.383
10.611
12.727
9.328
7.037
5.435
4.283
3.433
2.792
2.301
1.918
1.616
1.374
1.178
2.424
7.010
10.766
11.187
8.301
6.325
4.927
3.910
3.153
2.579
2.136
1.788
1.512
3.625
7.161
5.524
4.347
3.481
2.829
2.329
1.940
1.633
1.417
2.411
4.445
5.326
7.168
5.529
4.351
3.483
2.831
2.379
2.620
2.167
2.246
4.010
3.514
2.854
2.349
1.956
1.646
1.398
1.198
4.112
8.509
6.470
5.031
4.036
3.929
5.099
4.037
3.249
2.652
2.640
4.464
4.594
3.664
2.968
2.436
2.024
1.714
1.701
2.099
1.759
1.489
1.272
1.149
2.130
2.144
1.795
1.518
1.295
1.132
1.330
1.143
0.989
0.863
0.757
0.669
0.594
0.531
0.488
0.810
1.060
2.527
2.095
1.756
1.486
1.269
1.093
0.948
0.829
0.729
0.645
0.574
0.513
0.461
0.417
0.379
0.345
0.897
2.564
2.124
1.779
1.505
1.284
1.105
0.958
0.837
0.742
0.815
0.892
0.944
0.930
0.945
0.826
0.727
0.643
0.572
0.512
0.460
0.416
0.378
0.344
0.315
0.290
0.268
0.248
0.230
0.215
0.201
0.189
0.178
0.168
0.159
0.151
0.144
0.143
0.579
0.677
0.601
0.536
0.481
0.434
0.393
0.358
0.327
0.300
0.277
0.256
0.238
0.225
0.384
0.350
0.320
0.294
0.271
0.251
0.233
0.217
0.203
0.191
0.180
0.169
0.160
0.152
0.145
0.138
0.132
0.126
0.121
0.117
0.113
0.109
0.105
0.102
0.099
0.096
0.096
1.318
3.298
2.733
2.846
2.932
2.409
2.003
1.683
1.428
1.222
1.055
0.917
0.802
0.706
0.626
0.558
0.500
0.450
0.407
0.370
0.337
0.309
0.285
0.263
0.244
0.227
0.212
0.198
0.186
0.175
0.166
0.157
0.149
0.142
0.136
0.130
0.124
0.120
0.115
0.773
5.349
9.696
7.289
5.614
4.413
3.530
2.866
2.422
4.432
7.086
5.618
5.768
4.525
3.613
2.929
2.407
2.001
1.706
1.819
1.537
1.310
1.127
0.976
0.851
0.748
0.661
0.587
0.546
2.188
4.432
3.544
3.287
9.195
15.126
19.033
24.415
16.663
11.881
8.766
7.740
9.535
9.515
7.165
5.526
4.349
3.482
6.553
11.758
8.684
6.591
5.118
4.050
3.259
2.660
2.198
1.837
1.552
1.322
1.136
0.984
0.858
0.753
1.283
3.178
14.089
30.504
20.234
14.120
10.243
9.335
11.128
8.261
6.297
4.907
3.895
3.411
5.076
5.975
4.675
3.724
3.109
4.317
5.969
4.670
3.808
4.022
3.237
2.643
2.185
1.886
8.700
17.636
18.992
25.603
19.807
17.429
19.619
15.582
13.804
10.036
10.453
13.808
10.985
8.902
6.778
5.542
4.388
3.894
4.327
3.465
2.817
14.051
35.110
27.149
20.287
14.475
12.436
9.496
7.152
5.604
5.201
4.301
3.796
4.963
7.952
6.140
5.433
5.518
4.343
6.494
11.870
12.615
11.505
8.514
6.474
5.034
3.989
3.212
2.624
2.171
1.816
1.534
1.308
1.125
0.974
0.850
0.747
0.660
0.587
0.524
0.471
12.350
34.222
24.134
16.495
11.774
10.900
12.970
9.489
7.147
5.543
4.856
8.899
12.515
9.673
8.187
9.370
7.400
6.235
4.862
3.918
3.925
7.838
11.362
9.165
9.919
8.017
6.465
5.061
4.725
6.097
4.762
3.807
3.286
2.846
2.343
1.951
1.642
1.395
1.195
1.032
0.915
1.143
0.989
0.918
2.187
2.385
2.357
1.993
2.153
2.108
1.766
1.494
1.334
2.238
1.868
1.576
1.342
1.152
1.132
2.712
2.850
2.397
4.400
7.254
5.589
4.395
3.516
2.856
2.350
1.957
1.652
1.490
1.273
1.147
2.045
1.742
1.874
1.581
1.354
1.307
1.409
1.688
1.432
1.225
1.092
1.711
2.402
2.017
1.988
2.089
1.759
1.613
1.465
1.386
1.188
1.074
1.970
2.372
1.980
1.746
1.478
1.290
1.588
1.369
1.348
1.157
1.001
0.872
0.765
0.675
0.600
0.535
0.481
0.433
0.393
0.357
0.327
0.300
0.276
0.257
0.307
0.282
0.261
0.242
0.225
0.210
0.197
0.185
0.175
0.189
0.183
0.421
0.558
2.007
1.686
1.431
1.224
1.056
0.918
0.803
0.707
0.627
0.558
0.500
0.450
0.407
0.370
0.338
0.310
0.285
0.263
0.244
0.227
0.212
0.198
0.186
0.176
0.166
0.157
0.149
0.142
0.136
0.130
0.124
0.120
0.115
0.111
0.107
0.105
0.224
1.511
1.289
1.109
0.976
1.141
1.194
1.031
0.897
0.786
0.693
0.615
0.548
0.491
0.448
2.239
4.942
3.921
3.162
2.585
2.141
1.792
1.515
1.293
1.112
0.964
0.842
0.740
0.654
0.581
3.171
7.635
8.694
6.598
5.123
4.054
3.262
2.662
2.200
1.839
1.553
1.364
2.016
3.284
2.679
2.213
1.849
1.561
1.330
1.142
0.989
0.862
0.757
5.430
12.143
10.365
14.199
16.908
15.809
13.424
9.788
7.352
5.659
4.445
3.554
2.884
2.372
1.974
1.660
1.410
1.207
1.042
13.084
34.753
22.645
15.596
11.199
8.309
6.331
7.331
10.565
7.881
6.031
4.715
3.833
3.941
3.177
2.597
2.150
1.799
1.521
1.297
1.116
0.967
0.844
0.742
0.656
0.583
0.521
0.468
0.423
0.384
30.827
113.251
59.727
35.768
23.212
15.939
11.419
8.457
6.434
5.005
3.967
3.197
2.612
2.161
24.825
75.304
43.237
27.288
18.366
12.957
9.480
7.141
5.509
4.337
3.473
2.823
2.325
1.937
1.631
1.386
1.188
1.026
0.893
0.783
0.690
0.612
0.546
0.490
0.441
0.399
0.363
0.332
0.304
0.280
0.259
1.367
6.987
11.940
8.806
6.676
5.178
4.095
3.292
2.685
3.244
5.453
4.296
3.442
2.800
2.307
1.923
1.619
1.377
1.181
1.020
0.888
0.779
8.504
20.931
15.952
11.427
8.463
6.438
5.008
3.970
3.198
2.613
2.162
1.809
1.529
1.304
1.121
0.972
0.848
0.745
0.658
0.585
0.523
0.470
0.424
0.385
0.351
0.321
0.295
0.272
0.252
0.234
0.218
0.204
0.191
0.180
0.170
17.652
55.044
33.425
21.898
15.142
10.906
8.112
6.193
4.832
3.840
3.101
2.539
2.104
1.763
1.492
1.274
1.097
0.952
0.831
7.219
17.491
18.747
19.983
13.965
10.142
7.594
5.829
4.569
3.646
3.042
3.574
2.899
2.384
1.983
1.667
1.415
1.212
1.046
0.910
0.796
0.702
0.622
0.740
3.301
5.537
4.357
3.488
2.834
2.333
1.944
1.636
1.390
1.191
1.029
0.896
0.785
0.692
0.637
2.874
5.707
4.480
3.580
2.904
2.387
2.016
2.127
1.782
1.507
1.286
1.107
1.022
2.310
1.925
1.621
1.378
1.182
1.037
1.209
1.314
2.205
1.843
1.556
1.325
1.139
0.986
0.860
0.755
0.675
0.803
1.252
2.808
2.313
1.928
1.624
1.380
1.183
1.023
0.890
0.780
0.688
0.610
0.544
0.488
0.440
0.401
0.447
0.405
0.368
0.336
0.313
0.501
0.801
0.879
0.771
0.680
0.604
0.539
0.483
0.436
0.395
0.359
0.328
0.301
0.278
0.257
0.238
0.222
0.207
0.194
0.183
0.172
0.163
0.154
0.147
0.140
0.134
0.154
0.196
0.292
0.274
0.406
0.560
0.502
0.452
0.409
0.371
0.339
0.310
0.286
0.267
0.389
0.605
0.540
0.484
0.445
0.645
0.574
0.513
0.462
0.417
0.379
0.345
0.316
0.291
0.273
0.486
1.090
0.946
0.827
0.740
0.963
1.499
3.504
4.358
3.488
2.835
2.334
1.944
1.636
1.390
1.192
1.029
0.896
0.785
0.692
3.402
7.344
5.653
4.441
3.551
2.882
2.370
5.168
10.069
9.772
7.341
5.651
4.440
3.550
2.881
2.370
1.972
1.659
1.478
2.624
3.532
2.868
2.359
1.964
1.652
1.403
1.202
1.038
0.903
0.791
0.697
0.618
0.551
0.505
1.077
2.693
2.224
1.858
1.568
1.335
1.147
0.993
0.865
0.759
0.671
0.596
0.532
0.478
0.431
1.501
3.606
2.924
2.403
2.206
6.710
10.945
9.118
6.892
5.467
15.957
31.201
22.764
22.707
20.541
14.310
10.367
7.747
5.937
4.787
5.415
6.394
4.976
3.947
3.181
2.600
14.174
34.611
22.565
15.548
11.168
8.288
6.316
4.920
3.905
3.150
10.124
21.456
15.664
12.740
9.337
7.043
5.439
4.286
3.435
2.794
2.302
1.919
1.617
1.375
1.179
1.019
0.933
1.867
1.617
3.625
7.422
9.148
8.398
6.392
5.450
8.571
10.761
8.014
6.125
4.783
4.459
6.312
6.404
4.984
3.952
3.423
4.994
5.268
4.161
3.341
2.723
2.247
1.876
1.582
1.347
1.156
1.000
0.872
0.765
0.675
0.599
0.535
9.581
24.743
18.377
12.964
9.485
7.144
5.512
4.338
3.474
2.824
2.325
1.937
1.631
1.687
3.339
2.721
2.246
1.875
2.199
4.957
6.779
5.252
4.149
3.333
2.716
2.242
1.872
1.579
1.344
1.154
5.504
12.941
12.868
9.422
7.101
5.481
4.316
3.457
2.811
2.316
1.930
1.625
1.381
1.184
1.023
0.891
0.781
0.688
0.611
0.545
0.489
0.440
3.499
9.891
12.166
8.956
6.780
5.253
4.149
3.333
2.716
2.242
1.872
1.579
1.344
1.154
0.999
0.870
0.764
0.674
0.599
0.534
0.480
0.463
1.541
1.852
1.828
1.544
1.316
1.131
0.980
0.855
0.750
0.663
0.589
0.526
0.473
0.427
0.387
0.352
0.322
0.296
0.273
0.253
0.235
0.219
0.204
0.192
0.180
0.175
2.368
5.271
4.162
3.343
2.724
2.248
2.450
4.293
3.440
2.798
2.306
1.922
1.619
1.376
1.180
1.020
0.888
0.778
0.686
0.609
0.543
0.487
0.439
0.398
0.362
0.331
0.325
1.288
1.245
1.073
0.932
0.815
0.717
0.635
0.565
0.506
0.455
0.412
0.374
0.341
0.313
0.287
0.265
0.246
0.229
0.213
0.200
0.188
0.177
0.167
0.158
0.150
0.143
0.136
0.130
0.125
0.120
0.116
0.112
0.108
0.104
0.101
0.098
0.096
0.093
0.094
0.483
0.436
0.395
0.359
0.328
0.301
0.278
0.257
0.240
0.294
0.861
0.756
0.668
0.593
0.530
0.476
0.429
0.389
0.354
0.324
0.298
0.274
0.254
0.236
0.220
0.205
0.192
0.181
0.171
0.162
0.153
0.160
1.373
1.177
1.018
0.886
0.996
2.558
2.120
1.775
1.502
1.282
1.103
0.957
0.836
0.735
0.650
0.578
0.517
0.465
0.420
0.381
0.347
0.318
0.292
0.269
0.249
0.232
0.216
0.202
0.190
0.179
2.040
6.311
8.753
6.639
5.219
4.880
5.220
4.125
3.315
2.703
2.232
1.864
1.572
1.339
1.150
0.995
0.867
0.761
0.672
0.597
0.533
0.478
0.432
0.391
0.356
0.326
0.299
0.275
0.255
0.237
0.220
0.206
0.193
0.182
0.171
0.162
0.154
0.146
0.139
0.133
0.128
0.122
0.118
0.113
0.110
0.106
0.103
0.100
0.097
0.094
0.092
0.090
0.088
0.086
0.084
0.082
0.081
0.080
0.078
10.469
28.338
23.458
24.442
16.679
11.892
8.773
6.653
5.162
4.083
3.283
2.678
2.213
1.849
1.561
8.002
24.211
27.786
18.657
13.140
9.601
7.224
5.568
4.379
3.505
2.847
2.343
1.952
1.642
1.395
1.196
1.033
0.898
2.610
5.514
4.340
3.475
2.825
2.326
2.040
3.310
3.645
6.340
8.040
8.779
11.574
16.515
11.787
8.703
8.025
9.833
7.383
5.681
4.461
3.566
2.893
2.379
1.979
1.664
3.467
6.700
5.840
10.514
14.567
16.971
20.249
14.226
11.307
10.969
8.154
6.277
5.428
5.008
4.139
5.174
4.092
3.356
3.568
4.352
9.256
13.227
9.855
8.934
8.008
8.306
9.978
7.551
6.337
4.935
3.916
3.158
2.583
2.138
1.790
5.746
21.396
32.587
22.081
15.253
10.978
8.160
6.227
4.856
3.858
3.114
2.549
2.968
5.128
4.948
3.925
3.165
2.588
2.142
4.318
8.091
6.179
4.822
3.832
3.095
2.534
2.101
1.760
1.490
1.272
1.096
0.950
0.830
0.730
0.646
0.575
0.514
0.462
0.453
1.852
3.014
4.317
5.180
4.096
4.799
7.358
5.663
4.448
3.556
3.409
5.212
7.184
10.165
8.977
10.474
7.820
5.988
4.684
3.731
3.018
2.475
2.055
1.724
1.461
1.249
1.076
0.935
0.846
1.430
6.351
13.324
9.722
7.307
5.627
4.422
3.537
2.871
2.362
1.966
1.654
1.405
1.203
1.039
0.904
0.791
0.697
0.618
0.551
0.494
0.463
1.017
0.885
0.776
0.685
0.608
0.542
0.488
0.930
2.602
2.542
2.106
1.765
1.494
1.275
1.098
0.952
0.832
0.731
0.647
0.596
1.107
0.975
1.170
1.012
0.881
0.773
0.705
1.253
1.890
1.597
1.437
1.451
1.400
1.200
1.036
0.901
0.789
0.696
0.621
0.660
0.762
0.673
0.597
0.533
0.479
0.432
0.391
0.358
0.381
0.347
0.321
0.390
0.355
0.325
0.298
0.275
0.254
0.236
0.220
0.205
0.193
0.181
0.171
0.162
0.153
0.146
0.139
0.133
0.127
0.122
0.118
0.113
0.109
0.106
0.103
0.100
0.097
0.094
0.092
0.090
0.088
0.086
0.084
0.082
0.081
0.080
0.078
0.077
0.076
0.075
0.078
1.169
1.011
0.881
0.772
0.681
0.605
0.540
0.484
0.437
0.395
0.360
0.329
0.322
3.295
6.572
5.104
4.040
3.251
2.654
2.194
1.834
1.549
1.320
1.134
0.982
0.857
0.752
0.665
0.590
0.528
0.474
9.820
25.300
17.191
12.216
8.990
6.803
5.269
4.161
3.342
2.723
2.247
1.876
1.582
1.347
1.156
1.000
0.872
0.765
0.675
0.599
0.535
0.480
0.433
0.393
0.357
0.327
0.300
0.276
0.256
0.237
0.221
0.206
0.194
0.182
0.172
0.162
0.154
0.146
0.140
0.133
0.128
0.123
0.118
0.114
0.110
0.106
0.103
0.100
0.097
0.094
0.092
0.090
0.088
10.841
40.120
43.480
27.419
18.442
13.005
9.512
7.163
5.525
4.348
3.481
2.829
2.330
1.941
1.634
1.388
1.190
1.028
0.895
0.784
0.691
0.613
0.547
0.490
0.442
0.400
0.364
0.332
0.305
0.281
0.259
0.241
0.224
0.209
0.196
0.184
0.174
25.847
91.207
50.413
31.060
20.553
14.317
10.585
10.644
11.856
11.982
12.730
9.330
7.038
5.613
8.282
11.312
9.892
7.423
5.709
8.251
13.235
9.664
8.443
9.843
7.390
5.685
4.465
3.568
2.895
2.381
1.981
4.569
8.795
6.668
5.173
4.643
6.362
7.272
8.465
6.439
6.075
7.902
6.168
5.881
7.978
12.309
9.051
6.846
5.299
4.183
3.358
2.736
2.257
1.884
1.589
1.380
1.666
1.414
1.272
5.484
12.545
14.543
10.518
8.062
7.816
8.468
11.560
8.552
6.500
10.103
17.011
13.943
10.871
8.088
6.176
4.820
3.831
3.094
2.533
2.100
2.269
5.008
6.900
5.338
4.212
3.380
2.752
2.270
1.894
1.596
1.358
1.198
1.638
1.392
1.193
1.031
0.897
0.786
0.727
1.626
2.637
2.218
2.359
3.385
6.869
9.391
10.407
7.774
5.956
4.661
3.714
3.005
4.357
7.400
5.693
4.470
3.572
2.898
2.383
1.982
1.667
1.415
1.227
1.380
1.936
2.153
1.802
1.523
1.299
1.129
1.191
1.029
0.896
0.785
0.692
0.614
0.547
0.491
2.377
5.347
4.809
3.847
3.347
2.727
2.251
1.879
1.584
1.349
1.158
1.002
0.908
1.588
1.457
1.282
2.178
3.900
3.230
3.729
3.962
3.192
2.609
2.159
1.806
1.527
1.302
1.120
0.970
0.847
0.744
0.658
0.585
0.523
0.469
0.424
0.384
0.350
0.320
0.294
0.272
0.262
0.720
0.638
0.568
0.508
0.457
0.413
0.375
0.342
0.313
0.288
0.266
0.247
0.229
0.217
0.362
0.330
0.308
0.465
0.549
0.638
0.568
0.509
0.458
0.414
0.376
0.343
0.314
0.289
0.266
0.247
0.229
0.214
0.200
0.188
0.177
0.167
0.158
0.150
0.143
0.137
0.131
0.125
0.120
0.116
0.112
0.108
0.105
0.101
0.098
0.096
0.093
0.091
0.089
0.087
0.085
0.083
0.082
0.080
0.079
0.078
0.077
0.076
0.238
0.902
0.790
0.732
1.581
1.346
1.156
1.000
0.871
0.764
0.675
0.599
0.547
0.810
0.713
0.632
0.563
0.504
0.453
0.846
2.501
2.650
2.827
2.328
1.940
1.633
1.388
1.189
1.028
0.894
0.784
0.691
1.016
2.667
2.204
1.842
1.555
1.325
1.139
0.986
0.860
0.780
1.303
1.121
0.971
0.847
0.744
3.570
7.966
8.375
6.377
4.964
3.937
3.174
2.595
2.148
1.882
3.089
4.467
3.570
2.896
2.381
1.981
1.666
1.443
1.717
1.480
1.676
1.422
1.217
1.051
0.939
1.429
2.080
1.797
2.357
1.983
2.021
5.209
9.302
7.572
6.112
4.960
12.551
21.870
17.051
12.289
10.045
7.527
5.783
4.535
3.731
4.274
3.699
2.994
2.457
2.040
1.713
1.452
1.773
3.724
25.219
65.317
41.244
26.217
17.735
12.560
9.218
6.961
5.381
4.243
3.403
2.770
2.284
1.905
1.605
1.365
1.171
1.013
0.882
0.773
0.682
0.636
1.409
1.207
2.924
5.938
4.729
4.630
4.583
5.172
5.961
5.861
4.724
5.073
4.017
3.234
2.641
3.150
5.307
4.264
4.179
3.455
3.960
8.683
16.360
11.846
10.154
10.127
7.845
8.259
7.729
7.859
8.434
6.418
4.993
3.959
3.190
2.607
2.158
12.368
35.267
33.114
23.701
16.234
11.608
8.583
6.522
5.068
4.014
3.231
2.639
2.182
1.825
1.541
1.314
1.129
0.978
0.853
0.749
0.662
0.588
0.526
0.472
0.426
0.387
0.352
0.322
0.296
0.273
0.252
0.247
14.550
42.389
31.929
21.049
14.623
10.570
7.884
6.034
4.717
3.755
3.037
2.489
2.066
1.733
1.468
1.255
1.081
0.938
0.820
0.722
0.639
0.569
0.509
0.467
0.693
0.904
0.791
0.697
0.618
0.551
0.494
0.445
0.409
0.560
0.501
0.451
0.408
0.371
0.338
0.310
0.285
0.263
0.244
0.227
0.212
0.199
0.186
0.176
0.166
0.157
0.149
9.407
24.643
16.799
11.968
8.824
7.945
9.667
7.934
6.953
8.372
6.375
4.963
3.936
3.173
2.594
2.147
1.797
1.519
1.296
1.115
0.966
0.844
0.741
0.686
1.437
1.638
2.082
2.528
2.096
1.757
1.487
1.270
1.094
0.949
0.829
0.729
0.645
0.574
0.543
1.720
3.373
2.747
2.266
1.891
1.594
1.356
1.164
1.007
0.877
0.769
0.679
0.603
0.538
0.483
0.435
0.394
0.359
0.328
0.690
2.244
2.091
1.753
1.484
1.272
1.164
1.007
0.877
0.769
0.679
0.603
0.538
0.483
0.435
0.394
0.359
0.328
0.301
0.277
0.256
0.238
0.222
0.207
0.194
0.183
0.173
0.194
0.452
0.577
0.516
0.464
0.423
0.492
0.443
0.401
0.365
0.333
0.305
0.281
0.260
0.241
0.224
0.209
0.196
0.184
0.174
0.164
0.156
0.148
0.141
0.135
0.129
0.133
1.045
0.972
0.848
0.745
0.659
0.585
0.523
0.470
0.424
0.385
0.351
0.321
0.295
0.295
1.439
1.231
1.061
0.922
0.807
0.710
0.629
0.561
0.502
0.452
0.409
0.371
0.339
0.311
0.286
0.264
0.245
0.227
0.212
0.199
0.187
0.176
0.166
0.157
0.149
0.142
0.136
1.454
3.543
2.876
2.366
1.969
1.656
1.406
1.205
1.040
0.905
0.844
2.151
5.133
7.922
6.216
7.229
8.953
8.315
6.335
4.934
3.915
3.157
2.582
3.064
5.189
4.103
3.298
2.690
2.222
1.856
1.566
1.334
1.146
0.992
0.865
0.759
0.827
2.337
1.946
1.638
1.392
1.537
3.279
7.825
14.842
14.377
16.883
19.883
13.903
10.419
9.997
7.495
5.888
5.754
4.515
3.605
3.661
5.545
4.363
3.492
2.838
2.336
1.946
1.638
1.392
1.193
1.030
0.916
1.209
1.043
0.907
0.794
0.700
0.620
0.553
8.369
23.176
23.541
21.061
14.630
10.575
7.888
6.036
4.719
3.756
3.038
2.490
2.066
1.826
3.441
5.001
3.964
11.267
23.241
15.957
11.430
8.464
6.439
5.009
3.970
3.199
2.614
2.163
1.809
1.529
1.304
1.121
0.972
0.848
0.745
0.658
0.585
0.523
0.470
0.424
0.385
0.351
0.321
0.439
1.870
2.068
1.734
1.469
19.951
76.882
74.687
47.536
29.564
19.692
13.785
10.024
7.513
5.773
4.528
3.615
2.931
2.408
2.077
2.932
3.346
2.726
2.250
1.987
3.497
3.855
3.112
2.811
4.355
3.487
2.833
2.333
1.943
1.636
1.390
1.191
1.029
0.896
0.785
0.692
0.614
0.547
0.491
8.817
25.763
30.316
30.392
20.169
14.080
10.217
7.645
5.865
4.595
3.665
2.969
2.437
2.025
1.700
1.442
1.233
1.064
0.924
0.808
0.712
0.630
0.562
0.503
0.453
0.409
0.372
0.339
0.311
0.286
0.264
0.245
0.228
0.212
0.199
7.428
18.702
16.785
16.639
11.866
8.756
6.642
5.154
4.077
3.279
2.675
2.210
1.847
1.559
1.328
1.141
0.988
5.025
11.077
9.580
7.209
5.558
4.372
3.499
2.843
2.340
1.949
1.640
1.394
1.194
1.032
0.898
0.786
0.693
0.615
0.548
0.491
0.443
0.401
0.365
0.333
0.305
0.281
0.260
0.241
0.224
0.209
0.196
0.184
0.174
0.164
0.156
0.148
0.152
1.948
3.999
3.220
2.630
2.175
1.819
1.537
1.310
1.127
0.976
0.852
0.748
0.661
0.587
0.525
0.472
0.426
0.386
0.352
0.322
0.295
0.272
0.273
1.365
1.171
1.012
0.882
0.773
0.682
0.608
0.618
0.551
0.494
0.445
0.402
0.366
0.334
0.308
0.352
0.366
0.352
0.823
0.724
0.641
0.570
0.510
0.459
0.415
0.377
0.344
0.315
0.289
0.267
0.247
0.230
0.214
0.201
0.188
0.177
0.168
0.159
0.152
0.223
0.208
0.196
0.231
0.246
0.230
0.276
0.299
0.276
0.255
0.237
0.221
0.206
0.193
0.182
0.171
0.166
0.352
0.390
0.603
0.539
0.483
0.436
0.395
0.359
0.328
0.301
0.287
2.665
5.741
4.505
3.598
2.918
2.398
1.994
1.676
1.422
1.218
1.051
0.913
0.800
0.704
0.624
0.556
0.498
0.449
0.406
0.369
0.337
0.309
0.284
0.262
0.243
0.226
0.211
0.198
0.186
0.175
0.165
0.157
0.149
0.142
0.135
0.130
1.172
3.158
4.217
3.384
2.755
2.272
1.896
1.598
1.360
1.167
1.009
0.879
1.776
4.012
7.488
11.819
8.725
6.620
5.138
4.065
3.270
2.668
2.205
1.843
1.556
1.325
1.139
0.986
0.860
0.755
0.667
0.592
0.529
0.475
0.429
0.389
0.354
0.324
0.297
0.274
0.254
0.235
0.219
0.205
0.192
0.181
0.171
0.161
0.153
16.217
49.347
30.508
20.236
14.122
13.176
18.946
19.992
13.971
10.146
7.596
5.978
25.562
60.241
36.023
23.354
16.025
11.474
8.494
6.459
5.023
3.981
3.207
2.620
2.167
1.813
1.532
1.306
1.123
0.973
0.849
0.746
0.659
4.374
14.812
20.205
15.935
16.172
13.210
9.647
7.256
5.590
4.396
3.599
3.968
8.898
16.476
16.482
11.766
8.689
6.595
5.120
4.052
3.433
4.805
3.820
3.086
2.527
2.095
1.756
2.095
6.032
9.309
8.797
7.884
9.473
7.136
5.506
4.334
3.471
2.821
2.324
1.936
1.675
2.278
3.748
3.031
2.485
2.063
18.764
52.260
32.832
21.562
14.937
10.774
8.022
6.130
4.787
3.807
3.075
2.519
2.089
1.751
1.483
1.266
1.091
0.946
0.827
0.727
0.644
0.573
0.512
0.461
0.416
0.378
0.345
0.316
2.142
23.246
60.088
42.974
27.148
18.283
12.906
9.446
7.118
5.493
4.325
3.464
2.816
2.319
1.933
1.627
1.430
2.142
3.070
2.515
2.086
4.448
9.244
10.161
9.432
9.962
8.358
6.365
5.040
7.433
10.972
8.685
9.234
6.972
5.389
4.249
3.471
3.531
2.867
2.359
1.964
1.652
1.479
2.664
2.202
1.840
1.554
1.324
1.138
0.985
1.284
3.101
3.879
6.037
10.344
9.341
9.572
7.204
5.554
4.369
3.497
2.841
2.339
1.948
1.639
1.393
1.194
1.031
0.897
0.786
0.693
0.615
0.548
0.491
0.443
0.401
0.364
0.333
0.305
0.281
1.468
5.318
8.074
6.166
4.813
3.826
3.090
2.530
2.098
1.758
1.488
1.271
1.094
0.949
0.829
0.729
0.645
0.574
0.514
0.462
0.417
0.379
0.345
0.316
0.291
0.268
0.248
0.231
0.215
0.201
0.189
0.181
0.322
0.918
0.803
0.707
0.627
0.558
0.500
0.452
0.452
0.527
0.473
0.427
0.387
0.353
0.322
0.296
0.273
0.253
0.235
0.219
0.204
0.192
0.180
0.170
0.161
0.153
0.145
0.139
0.133
0.127
0.122
0.117
0.113
0.109
0.106
0.102
0.099
0.097
0.094
0.092
0.090
0.087
0.086
0.084
0.082
0.081
0.079
0.078
0.082
1.129
1.131
1.096
0.951
0.831
0.731
0.646
0.575
0.514
0.462
0.418
0.385
0.521
0.468
0.435
0.816
1.201
1.929
4.070
3.889
3.559
2.889
2.375
1.977
1.662
1.411
1.209
1.052
1.093
1.195
1.032
0.907
1.010
1.724
1.461
1.249
1.076
0.935
12.278
32.300
21.260
14.752
10.654
7.941
6.074
4.746
3.776
3.053
2.502
2.075
1.741
1.474
1.259
1.085
0.942
0.823
0.724
0.641
0.570
0.510
0.459
0.415
0.377
0.344
0.315
0.289
0.267
0.247
0.230
0.223
21.401
67.738
39.668
25.361
17.560
14.299
10.693
7.968
6.092
4.759
3.786
3.060
2.508
2.080
1.744
1.477
1.262
1.087
0.943
0.824
0.725
0.642
0.571
0.511
0.460
0.415
0.377
0.344
0.315
0.290
0.556
2.063
2.387
1.986
1.721
5.143
9.292
7.012
6.047
7.608
7.653
5.871
5.574
8.561
11.229
12.016
27.751
58.019
34.919
22.738
15.653
11.235
8.524
8.978
10.099
7.565
5.809
4.554
3.635
3.739
8.032
11.327
10.339
19.040
32.395
23.983
16.404
11.716
8.656
8.043
9.912
7.437
5.719
4.489
3.750
4.922
3.906
3.151
4.331
7.221
5.566
4.378
3.504
2.846
2.343
1.951
1.642
1.464
3.856
6.331
8.317
12.719
9.323
7.033
5.469
4.627
3.741
3.584
2.945
4.929
8.114
6.195
5.622
7.227
5.570
4.381
3.506
2.848
2.344
1.975
2.025
2.488
4.066
3.271
2.697
3.739
11.926
19.431
13.622
9.918
7.441
17.500
35.281
22.940
15.775
11.314
8.386
7.122
8.977
9.590
7.216
5.563
4.376
3.502
2.845
2.342
1.950
1.641
1.394
1.195
1.032
0.898
0.787
0.693
0.615
0.548
3.739
9.050
10.106
10.727
11.860
9.913
11.183
10.374
8.549
6.577
5.759
5.104
6.809
7.192
6.067
4.741
3.773
3.068
2.808
3.584
4.644
3.701
2.996
2.458
2.041
1.734
1.784
1.509
3.804
7.598
6.206
4.842
3.847
4.093
6.178
4.855
4.177
3.353
2.732
2.254
1.882
1.587
1.350
1.159
1.003
0.883
0.961
0.849
1.411
3.204
3.282
2.677
2.212
1.848
1.560
1.345
1.427
1.221
1.054
0.916
0.802
1.644
3.737
3.321
3.131
2.562
2.122
1.778
1.504
1.283
1.105
0.958
0.836
0.735
0.650
0.578
0.517
3.238
7.232
6.603
5.126
4.057
3.264
2.663
2.201
1.840
1.553
1.324
1.137
0.985
0.859
0.754
0.666
0.592
0.529
0.476
0.485
0.956
0.889
0.779
0.687
0.612
0.615
0.667
0.593
0.529
0.475
0.429
0.389
0.354
0.324
0.297
0.274
0.254
0.235
0.219
0.205
0.192
0.181
0.171
0.162
0.153
0.146
0.140
0.192
0.181
0.171
0.161
0.153
0.146
0.139
0.133
0.127
0.122
0.117
0.113
0.109
0.106
0.102
0.099
0.097
0.094
0.093
0.264
0.711
0.630
0.561
0.502
0.452
0.409
0.372
0.339
0.311
0.286
0.264
0.253
0.640
3.600
7.827
5.993
4.688
3.734
3.020
2.477
2.056
1.725
1.462
1.250
1.077
0.935
0.817
0.719
0.637
0.567
0.508
0.457
0.413
0.375
0.342
0.313
0.288
0.266
0.246
0.229
0.214
0.200
0.188
0.177
0.167
0.158
0.150
0.143
0.137
0.131
0.125
0.120
0.116
0.112
0.108
0.667
10.039
21.991
15.199
10.943
8.136
6.210
4.844
3.849
3.108
2.544
2.127
2.148
3.437
2.795
2.303
1.920
1.617
1.375
1.194
1.293
2.804
5.632
4.426
3.603
10.873
21.766
19.186
17.885
13.483
10.314
7.837
9.937
13.339
9.732
7.313
5.631
4.426
3.539
2.873
2.393
2.381
2.632
4.532
3.766
4.762
4.122
3.312
2.700
2.230
1.862
1.571
1.338
1.149
0.995
0.867
0.761
0.672
0.597
0.533
0.478
0.431
0.391
0.356
0.325
0.299
0.275
0.255
0.236
0.220
0.206
0.193
0.182
0.171
4.873
11.273
8.359
27.646
73.533
60.838
47.228
32.299
27.643
20.460
17.701
19.319
15.236
15.218
11.093
9.847
10.279
7.687
6.003
5.645
4.435
3.546
2.878
2.622
5.229
7.306
7.057
8.412
8.545
6.495
5.049
4.000
3.221
2.631
2.176
1.820
1.537
1.311
1.127
0.976
0.852
0.748
0.661
0.587
0.525
0.472
0.426
0.386
0.352
0.322
0.295
0.276
12.793
38.445
30.743
20.371
14.205
10.298
7.700
5.904
4.623
3.686
2.984
2.449
2.034
3.135
5.736
4.501
3.595
2.916
2.396
1.993
1.675
1.422
7.251
16.080
11.509
8.517
6.476
5.035
3.990
3.213
2.625
2.197
5.575
10.562
8.958
6.781
5.253
4.150
3.333
2.716
2.242
2.861
5.675
7.082
5.467
4.306
3.450
2.806
2.311
1.926
1.622
1.454
4.000
10.733
16.061
12.801
9.377
7.070
5.459
4.300
3.446
2.802
2.309
1.924
1.621
1.378
1.181
1.021
0.889
0.779
0.687
2.987
6.441
5.010
3.972
3.200
2.614
2.163
1.810
1.529
1.304
1.173
6.417
12.574
9.227
6.967
5.386
4.247
3.406
2.772
2.285
1.906
1.606
1.366
1.172
1.013
0.882
0.774
0.682
0.606
0.541
0.485
0.437
0.396
0.360
0.329
0.302
0.278
0.257
0.239
0.222
0.218
0.792
1.100
1.366
1.725
3.668
4.273
3.425
2.787
2.297
1.915
1.613
1.372
1.177
1.017
0.900
1.096
0.951
0.830
0.730
0.646
0.575
0.514
0.462
0.418
0.379
0.346
0.319
0.391
0.957
0.868
0.762
0.672
0.597
0.533
0.480
0.463
0.418
0.380
0.346
0.317
0.291
0.269
0.249
0.231
0.216
0.202
0.189
0.178
0.168
0.159
0.151
0.144
0.137
0.131
0.126
0.121
0.116
0.112
0.108
0.105
0.102
0.099
0.096
0.094
0.091
0.089
0.087
0.085
0.084
0.084
0.416
0.378
0.345
0.344
0.336
0.338
0.549
0.492
0.443
0.401
0.365
0.333
0.305
0.285
0.406
0.369
0.337
0.309
0.284
0.262
0.243
0.226
0.211
0.198
0.186
0.175
0.165
0.157
0.149
0.142
0.140
1.413
3.423
2.785
2.295
1.914
1.612
1.371
1.176
1.017
0.885
0.776
0.685
0.657
2.087
1.790
2.128
1.782
1.507
1.286
1.107
0.960
4.764
11.139
11.387
8.435
6.419
4.994
3.960
3.191
2.608
2.620
4.531
5.510
5.087
4.028
3.242
2.647
2.188
1.829
1.545
1.317
1.132
0.980
0.855
8.504
20.697
15.315
11.017
8.298
7.240
6.328
5.540
4.409
4.021
3.236
2.643
2.185
1.827
1.543
1.315
1.131
0.979
0.876
1.240
1.089
1.342
1.152
0.997
0.869
0.763
0.673
1.534
6.741
11.467
10.730
7.993
6.110
4.772
3.796
3.067
2.513
2.084
1.747
1.480
1.264
1.089
0.945
0.826
0.726
0.643
0.572
0.512
0.460
0.416
0.378
0.344
0.315
0.290
0.267
0.248
16.005
51.467
45.742
41.490
26.350
18.117
14.411
10.432
7.985
7.611
5.842
4.578
3.652
2.959
4.444
11.225
20.503
26.031
22.467
15.488
11.129
8.262
6.298
4.907
3.896
3.143
2.571
2.173
6.347
11.846
8.743
6.632
5.147
4.194
4.776
9.299
14.964
12.053
12.519
9.190
6.942
7.159
11.217
13.782
13.909
12.469
14.288
11.762
16.445
19.778
16.522
11.860
8.752
6.639
5.152
4.075
3.277
2.674
2.209
1.846
2.917
5.451
4.294
3.441
2.799
9.896
21.270
14.758
10.658
13.865
20.826
14.485
10.481
8.014
8.009
8.602
6.882
8.283
9.327
11.239
12.707
9.315
7.028
5.429
4.278
3.429
2.789
2.299
1.917
1.615
1.373
1.177
1.018
0.886
0.777
0.685
0.608
0.542
0.487
0.439
7.191
17.609
13.870
10.080
7.551
5.799
4.548
3.630
2.942
2.416
2.009
1.688
1.432
1.225
1.088
4.325
8.380
6.380
4.967
4.118
5.396
5.400
4.257
3.413
2.777
2.329
2.471
2.051
1.744
1.871
2.380
2.883
4.599
4.758
3.950
5.031
3.987
3.211
2.623
2.170
1.815
1.534
1.308
1.160
1.706
1.515
2.592
3.106
2.542
2.107
1.766
1.544
2.159
1.807
1.565
1.960
1.649
1.401
1.200
1.036
0.901
0.790
0.696
0.617
0.550
0.493
2.031
4.632
4.115
3.307
2.696
2.227
1.860
1.569
1.440
3.040
3.491
2.837
2.335
1.945
1.637
1.391
1.192
1.030
0.896
0.785
0.692
0.614
0.548
0.491
0.442
0.402
0.415
0.434
0.393
0.358
0.327
0.300
0.277
0.256
0.237
0.221
0.207
0.194
0.182
0.172
0.166
0.353
0.389
0.402
0.647
0.576
0.515
0.463
0.421
0.475
0.429
0.389
0.372
1.037
0.902
0.790
0.696
0.617
0.550
0.493
0.444
0.402
0.366
0.334
0.306
0.283
0.289
0.445
0.403
0.366
0.335
0.307
0.282
0.267
0.509
0.489
0.440
0.399
0.363
0.331
0.304
0.280
0.259
0.240
0.223
0.209
0.196
0.184
0.173
0.347
1.685
1.429
1.223
1.055
0.917
0.803
0.707
0.626
0.558
0.500
0.450
0.407
0.370
0.367
1.697
3.181
4.445
3.553
2.884
2.372
1.974
1.660
1.483
2.669
3.861
6.941
8.917
8.426
6.412
4.989
3.956
3.188
2.606
2.156
1.819
1.751
1.483
1.266
1.091
0.946
0.846
1.171
1.013
0.931
1.955
1.645
1.398
1.227
4.026
7.684
5.893
4.615
3.853
5.087
4.028
3.242
2.647
2.188
1.830
1.545
1.317
1.132
0.980
0.855
0.751
0.663
0.590
0.527
0.473
0.427
0.387
0.353
0.323
0.296
0.273
0.253
0.235
0.219
0.205
0.192
0.180
0.170
20.507
67.055
39.341
25.182
17.121
13.747
21.174
27.423
18.445
13.007
9.513
7.164
5.525
4.348
3.482
2.829
2.330
1.941
1.634
1.388
1.190
1.028
0.895
1.332
25.158
70.164
40.824
25.989
17.600
12.475
9.162
6.922
5.354
4.683
6.119
4.779
22.184
56.369
34.093
22.274
20.388
23.442
16.078
11.508
8.516
6.612
6.350
5.483
4.338
3.673
2.975
2.464
2.445
3.790
3.250
2.748
3.575
3.655
2.961
2.431
2.043
2.061
2.158
2.058
3.615
6.681
5.182
4.097
3.294
2.687
2.219
1.854
1.565
1.333
1.145
0.991
7.517
19.714
20.289
18.054
12.762
9.351
7.052
5.446
4.291
3.439
2.797
8.450
17.330
12.305
9.048
6.844
5.298
4.182
4.418
6.535
5.589
7.163
7.780
6.202
8.082
9.683
8.993
6.806
5.271
4.163
3.343
2.724
2.248
1.931
3.534
7.163
9.121
6.894
5.334
4.208
8.018
14.893
13.434
9.794
7.356
9.339
14.075
12.473
13.106
9.748
7.491
6.330
5.485
4.867
5.146
4.166
3.468
3.092
2.832
2.341
2.086
2.645
4.576
3.886
3.636
3.547
8.874
14.379
12.862
9.670
7.790
6.072
4.753
3.995
4.826
4.731
3.850
3.108
2.544
2.109
1.767
1.495
1.276
1.099
0.953
0.833
0.732
0.647
0.583
0.708
0.882
6.850
13.777
10.019
7.510
5.770
4.526
3.614
2.930
2.427
2.264
1.889
1.593
1.355
1.163
1.006
0.913
1.632
1.650
3.321
3.244
2.830
2.330
1.941
1.643
1.566
2.072
2.332
1.943
1.635
1.390
1.238
1.981
1.666
1.414
1.220
1.228
1.291
1.111
0.963
0.852
0.986
0.860
0.762
0.819
0.721
0.681
1.841
1.554
1.324
1.138
0.985
0.859
0.754
0.666
0.592
0.529
0.475
0.429
0.389
0.354
0.324
0.297
0.274
0.253
0.235
0.219
0.205
0.192
0.181
0.171
0.161
0.153
0.146
0.139
0.133
0.127
0.132
1.119
0.969
0.846
0.743
0.657
0.584
0.522
0.469
0.424
0.384
0.350
0.320
0.294
0.271
0.251
0.233
0.231
0.933
0.815
0.718
0.635
0.566
0.506
0.456
0.412
0.374
0.341
0.313
0.289
0.345
0.711
0.735
0.650
0.592
0.892
1.146
0.992
1.950
4.354
5.422
4.273
3.425
2.787
2.297
1.915
1.613
1.372
1.177
1.017
0.886
0.776
0.685
0.608
0.542
0.502
0.938
1.374
1.178
1.018
0.887
0.777
0.685
0.608
0.543
0.487
0.439
0.397
0.361
0.330
0.303
0.279
2.228
14.795
29.058
19.398
13.603
9.905
7.432
5.715
4.486
3.584
2.907
2.390
1.988
1.671
1.418
1.214
1.048
0.911
0.798
0.703
0.623
0.555
0.497
0.482
1.655
1.406
1.204
1.040
0.965
7.272
14.328
10.379
7.755
5.943
4.651
3.706
3.000
2.461
2.044
1.715
1.454
1.243
1.072
0.931
0.814
0.716
1.964
14.837
34.782
30.093
19.997
13.974
10.148
7.598
7.546
9.840
7.387
5.876
6.351
4.945
3.924
3.164
2.670
3.348
3.412
2.777
2.289
1.909
1.608
1.368
1.173
1.014
0.883
2.957
22.489
50.852
40.367
35.780
26.768
18.060
12.765
13.198
16.962
12.072
8.893
6.736
5.221
4.126
3.316
2.703
2.232
1.864
1.573
1.339
1.150
0.995
0.867
0.761
0.672
0.597
0.533
0.478
0.432
0.391
0.356
0.326
0.299
0.275
0.255
0.237
0.220
3.792
33.559
78.484
44.706
28.071
18.824
13.244
9.670
7.271
5.601
4.404
3.656
21.679
52.185
31.971
21.073
14.983
13.395
13.016
12.165
8.956
6.780
5.252
4.149
3.333
2.716
2.242
1.872
1.579
1.344
1.154
7.107
16.070
11.734
10.164
7.761
7.239
7.142
8.448
7.568
5.811
4.556
3.805
5.011
3.972
3.200
2.615
2.163
1.810
1.530
1.304
1.122
0.972
0.848
0.745
0.658
0.585
0.523
0.470
8.753
22.215
16.947
14.011
10.172
7.614
5.844
4.580
3.754
4.203
4.109
4.316
3.954
5.649
7.433
5.716
6.641
9.687
8.547
10.028
7.516
5.775
4.530
3.616
4.780
7.733
5.928
4.825
5.793
5.337
4.211
3.457
3.690
2.988
2.452
2.036
1.710
1.449
1.239
1.069
0.928
0.812
0.715
0.633
0.564
0.505
0.454
0.411
0.373
0.340
0.312
0.287
0.265
0.245
0.228
0.213
0.199
0.187
0.176
0.167
0.158
0.150
6.094
14.584
13.691
16.353
12.250
9.012
6.819
5.280
4.169
3.348
2.728
2.270
2.152
1.990
1.673
1.420
1.216
1.102
2.056
1.725
1.462
1.249
1.077
0.935
0.817
0.719
0.637
0.567
0.507
0.457
0.413
0.375
0.343
0.350
0.443
0.435
0.415
0.378
0.374
0.374
0.341
0.312
0.287
0.265
0.247
0.294
0.271
0.251
0.233
0.218
0.204
0.195
0.389
0.372
0.339
0.313
0.346
0.319
0.383
0.349
0.319
0.293
0.271
0.251
0.233
0.217
0.205
0.294
1.593
1.356
1.163
1.006
0.877
0.769
0.678
0.602
0.538
0.482
0.435
0.394
0.359
0.328
0.301
0.277
0.256
0.238
0.222
0.207
0.194
0.182
0.172
0.163
0.154
0.147
0.140
0.134
0.128
0.123
0.118
0.114
0.110
0.106
0.105
0.286
0.264
0.245
0.228
0.212
0.199
0.187
0.179
0.344
3.058
6.764
5.241
4.141
3.326
2.711
2.238
1.869
1.577
1.342
1.153
0.997
0.869
0.763
0.673
0.598
0.534
1.550
5.571
8.769
8.695
6.599
5.308
7.933
10.479
7.823
5.990
6.706
9.569
7.202
5.552
4.368
3.496
2.841
2.338
1.948
1.639
1.393
1.194
1.031
0.897
0.786
0.693
2.657
6.005
6.943
5.369
10.890
20.135
14.059
10.382
9.112
7.974
6.911
6.091
9.435
15.576
11.186
8.300
6.324
4.926
3.910
3.153
2.579
2.135
1.788
1.512
1.290
1.110
3.788
7.861
6.149
5.948
4.655
3.781
4.328
7.216
9.125
12.711
19.865
13.892
10.094
7.561
6.044
6.889
5.776
6.968
5.556
8.440
11.551
8.545
6.495
5.344
6.471
5.031
3.987
5.932
10.030
14.037
19.961
16.766
15.202
13.566
15.404
11.075
8.226
6.272
4.889
3.882
3.132
2.563
2.123
1.840
2.529
2.097
2.094
3.884
4.479
3.579
2.903
7.911
27.910
41.174
28.222
21.789
15.075
11.087
9.721
7.306
5.626
4.422
3.536
2.871
2.362
1.966
1.700
3.068
5.158
4.080
3.281
2.676
2.211
1.848
1.560
1.329
7.331
16.431
12.454
12.101
8.912
6.847
6.250
6.440
6.484
5.041
4.273
5.704
5.532
5.678
4.459
3.867
5.292
4.297
5.357
6.897
6.152
7.675
5.886
6.782
10.301
10.317
7.713
6.249
7.211
5.704
6.002
6.703
6.939
8.054
7.494
5.847
5.349
4.219
3.385
2.756
2.273
1.896
1.657
2.484
3.657
2.962
2.537
4.052
5.659
4.445
3.554
2.884
2.372
1.974
1.660
1.410
1.207
4.890
11.705
12.591
10.142
7.594
5.829
4.569
3.820
5.244
5.668
4.452
3.559
2.888
2.375
1.976
1.662
1.411
2.706
5.353
4.222
3.388
2.804
2.883
2.371
1.973
1.679
1.727
1.624
1.797
2.100
1.862
1.721
2.194
1.898
1.684
1.429
1.246
1.516
1.895
1.597
1.364
1.261
1.184
1.190
1.317
1.203
1.071
1.660
2.920
2.795
2.426
2.225
2.772
2.495
2.070
1.736
1.471
1.257
1.888
3.906
3.151
2.577
2.134
1.787
1.511
1.289
1.109
0.962
0.840
0.738
0.653
0.580
0.519
0.466
0.421
0.382
0.348
0.335
1.027
2.280
2.196
1.835
1.550
1.372
2.111
1.857
1.567
1.334
1.146
0.992
0.865
0.759
0.670
0.595
0.532
0.477
0.431
0.390
0.355
0.325
0.298
0.275
0.254
0.236
0.220
0.206
0.193
0.181
0.171
0.162
0.154
0.146
0.139
0.133
0.127
0.129
0.794
0.816
0.883
0.774
0.683
0.606
0.541
0.485
0.437
0.396
0.361
0.329
0.302
0.278
0.257
0.239
0.222
0.208
0.195
0.183
0.173
0.163
0.155
0.147
0.140
0.134
0.128
0.123
1.346
3.339
2.721
2.246
1.875
1.581
1.378
1.741
1.505
1.285
1.106
0.959
0.837
0.736
0.651
0.579
0.518
0.465
0.420
0.381
0.348
0.318
0.309
1.025
0.892
0.782
0.689
0.611
0.545
0.489
0.441
0.399
0.363
0.332
0.304
3.887
8.995
8.894
8.024
6.132
4.788
3.807
3.076
2.520
2.089
1.752
1.483
1.267
1.091
1.649
4.226
5.944
4.652
3.707
3.000
2.462
2.044
1.716
1.454
1.243
1.072
0.931
0.814
0.716
0.634
0.565
0.506
0.455
0.411
0.374
0.341
0.312
0.287
5.154
19.105
26.374
17.828
12.619
9.257
6.987
5.400
4.257
3.413
2.778
2.290
1.909
1.609
1.368
1.174
1.015
5.158
11.174
11.904
15.709
11.271
8.358
8.145
10.673
10.644
11.821
12.289
10.842
8.069
6.163
4.810
3.824
3.089
2.529
2.097
1.757
1.488
1.270
14.257
38.183
24.548
16.742
11.932
8.800
6.672
5.175
4.093
3.290
2.684
3.410
5.771
4.527
3.615
2.930
2.496
12.666
27.040
21.725
21.924
15.158
10.916
8.119
6.198
4.835
3.843
3.103
2.540
2.105
1.764
2.270
12.163
23.739
17.740
12.564
9.220
6.962
5.382
4.244
3.404
2.770
2.514
4.061
3.267
2.666
2.203
1.841
1.555
1.325
1.138
0.985
0.859
0.754
0.666
5.720
28.473
48.715
30.179
20.047
14.005
10.168
7.611
5.842
4.578
3.652
2.959
2.430
2.019
1.696
1.438
1.231
1.061
0.922
0.807
0.710
0.629
0.561
0.502
0.452
0.409
0.371
0.339
0.310
0.286
0.264
0.245
0.227
0.212
0.199
0.187
0.176
0.166
0.157
6.835
34.200
55.606
33.709
22.058
15.239
10.969
8.154
6.223
4.853
3.856
3.112
2.548
2.111
1.769
1.497
1.733
10.660
21.222
16.016
11.468
8.490
6.457
5.021
3.979
3.206
2.619
2.167
1.813
1.532
5.231
10.787
8.032
6.137
4.791
3.810
3.078
2.619
3.531
3.552
2.883
2.453
3.154
2.580
2.136
1.788
1.552
2.837
5.094
5.834
5.014
3.974
3.202
2.638
2.511
2.855
2.350
1.992
2.213
2.101
1.761
1.490
1.297
1.553
1.342
1.483
1.551
1.322
1.136
0.984
0.858
0.753
0.665
0.591
0.528
0.474
0.428
2.251
5.180
5.488
6.334
4.933
3.915
3.157
2.582
2.138
1.790
1.513
1.291
1.111
0.963
0.841
0.739
0.653
0.581
0.519
0.467
0.422
0.383
0.349
0.319
0.293
0.270
0.250
0.233
0.230
0.958
0.932
0.875
0.767
0.677
0.601
0.538
0.514
0.462
0.418
0.379
0.346
0.317
0.291
0.268
0.249
0.231
0.216
0.202
0.189
0.178
0.168
0.159
0.151
0.144
0.139
0.263
0.290
0.444
0.402
0.366
0.334
0.306
0.282
0.260
0.242
0.225
0.210
0.197
0.185
0.174
0.166
0.240
0.891
0.781
0.689
0.611
0.545
0.489
0.440
0.399
0.363
0.331
0.304
0.280
0.259
0.240
0.223
0.209
0.196
0.184
0.173
0.164
0.155
0.148
0.141
0.134
0.129
0.129
0.597
0.533
0.478
0.432
0.391
0.356
0.326
0.299
0.898
2.619
3.565
5.510
4.337
3.473
2.823
2.430
3.497
2.841
2.339
1.948
1.639
1.393
1.220
1.536
1.310
1.222
2.792
3.189
4.823
6.104
5.729
4.496
3.592
2.913
2.394
1.991
1.674
4.793
9.759
8.401
6.790
7.686
5.894
4.679
4.336
3.573
4.142
4.498
9.797
17.597
15.048
14.619
10.682
8.806
7.467
8.247
9.709
7.298
5.621
4.418
3.617
3.930
3.932
9.163
15.015
10.900
8.605
6.537
5.223
5.578
5.078
4.089
3.989
3.213
2.732
3.677
3.110
4.198
3.369
2.856
3.800
3.070
2.515
2.086
1.749
1.481
1.265
1.156
2.408
2.093
4.238
6.560
6.202
5.615
7.660
8.837
17.397
32.030
30.571
23.162
15.909
16.311
24.322
23.631
16.403
12.875
nan
